#Start pawn.
I 620 6 0 0 0  24 -3 13 25 0 0 0 0 100 100 35812
I 433 0 0 0 0  17 -8 18 1 0 0 0 0 100 100 35812
I 1302 7 0 0 0  18 2 12 20 0 0 0 0 100 100 35820
I 308 0 0 0 0  4 1 3 1 0 0 0 0 100 100 35821
I 2130 4 0 0 0  18 2 19 1 0 0 0 0 100 100 35828
I 7923 4 0 0 0  18 1 0 0 0 0 0 0 100 100 35963
I 3080 6 0 0 0  0 0 0 0 0 0 0 0 100 100 35918
I 1701 5 2 8 10  18 2 19 2 0 0 0 0 100 100 35918
I 11344 0 0 0 0  26 50 25 2 0 0 0 0 67 67 36000
I 11399 0 0 0 0  17 -10 24 -2 0 0 0 0 100 100 36000
I 11397 0 0 0 0  17 -12 12 20 0 0 0 0 100 100 36000
I 1508 6 0 0 0  14 15 0 0 0 0 0 0 100 100 36000
I 1510 0 4 3 3  0 0 0 0 0 0 0 0 100 100 36000
I 5003 0 0 0 0  5 1 0 0 0 0 0 0 100 100 36000
I 9508 0 5 5 3  18 3 19 3 0 0 0 0 99 99 36000
I 2155 3 0 0 0  18 2 19 2 0 0 0 0 95 96 36000
I 2155 3 0 0 0  18 2 19 2 0 0 0 0 97 99 36000
I 2144 9 0 0 0  18 1 19 2 0 0 0 0 100 100 36000
I 1653 0 4 4 11  18 2 0 0 0 0 0 0 100 100 36000
I 9710 12 0 0 0  18 -2 0 0 0 0 0 0 100 100 36000
I 9714 0 4 4 11  18 3 19 1 0 0 0 0 100 100 36000
I 9707 6 0 0 0  14 50 19 1 0 0 0 0 100 100 36000
I 2155 3 0 0 0  18 2 19 2 0 0 0 0 100 100 36000
I 9714 0 4 4 11  18 3 19 1 0 0 0 0 100 100 36000
I 1909 0 2 10 7  0 0 0 0 0 0 0 0 100 100 36000
I 1651 6 0 0 0  14 25 0 0 0 0 0 0 100 100 36000
I 6509 0 2 7 3  18 2 1 2 0 0 0 0 100 100 36000
I 2158 0 0 0 0  18 1 19 2 0 0 0 0 100 100 36000
I 4203 10 0 0 0  17 -2 0 0 0 0 0 0 53 90 36000
I 645 9 0 0 0  13 30 19 2 0 0 0 0 100 100 36000
I 18018 0 4 4 6  18 3 19 3 0 0 0 0 100 100 36000
I 6505 7 0 0 0  17 -1 18 1 0 0 0 0 100 100 36000
I 711 0 0 0 0  12 25 19 -1 0 0 0 0 53 53 36000
I 2224 9 0 0 0  12 5 0 0 0 0 0 0 100 100 36000
I 1326 0 0 0 0  17 -13 18 1 0 0 0 0 100 100 36000
I 2220 1 1 100 0  0 0 0 0 0 0 0 0 100 100 36000
I 5109 0 0 0 0  1 3 0 0 0 0 0 0 100 100 36000
I 5112 0 0 0 0  13 20 12 10 0 0 0 0 100 100 36000
I 700 0 0 0 0  13 30 2 1 0 0 0 0 36 100 36000
I 2200 0 2 5 11  0 0 0 0 0 0 0 0 100 100 36000
I 7212 7 2 8 3  19 3 0 0 0 0 0 0 100 100 36000
I 6727 7 0 0 0  18 1 19 2 0 0 0 0 89 100 36000
I 2518 7 0 0 0  0 0 0 0 0 0 0 0 100 100 36000
I 6729 0 0 0 0  18 1 19 2 0 0 0 0 99 99 36000
I 9922 5 0 0 0  12 15 2 1 0 0 0 0 100 100 36000
I 2504 9 0 0 0  0 0 0 0 0 0 0 0 100 100 36000
I 2504 9 0 0 0  0 0 0 0 0 0 0 0 100 100 36000
I 2519 9 0 0 0  0 0 0 0 0 0 0 0 100 100 36000
I 2523 7 0 0 0  0 0 0 0 0 0 0 0 100 100 36000
I 641 9 0 0 0  13 30 2 2 0 0 0 0 99 99 36000
I 646 9 0 0 0  13 30 24 -5 0 0 0 0 100 100 36000
I 640 9 0 0 0  12 30 4 2 0 0 0 0 100 100 36000
I 646 9 0 0 0  13 30 24 -5 0 0 0 0 99 99 36000
I 645 9 0 0 0  13 30 19 2 0 0 0 0 94 94 36000
I 2200 0 2 5 11  0 0 0 0 0 0 0 0 100 100 36000
I 646 9 0 0 0  13 30 24 -5 0 0 0 0 88 88 36000
I 657 7 0 0 0  17 -3 18 1 0 0 0 0 100 100 36000
I 2129 3 0 0 0  14 25 2 2 0 0 0 0 100 100 36000
I 652 8 0 0 0  12 30 4 2 0 0 0 0 100 100 36000
I 652 8 0 0 0  12 30 4 2 0 0 0 0 100 100 36000
I 3080 6 0 0 0  0 0 0 0 0 0 0 0 100 100 36000
I 2209 8 5 5 3  18 2 19 3 0 0 0 0 100 100 36000
I 3070 6 0 0 0  0 0 0 0 0 0 0 0 100 100 36000
I 630 0 4 4 1  18 -2 19 5 0 0 0 0 100 100 36000
I 621 6 0 0 0  24 -2 13 20 0 0 0 0 100 100 36000
I 1901 0 4 4 3  19 1 0 0 0 0 0 0 100 100 36000
I 1306 0 21 1 3  2 1 18 -5 0 0 0 0 100 100 36000
I 664 9 0 0 0  3 3 12 40 0 0 0 0 100 100 36000
I 654 7 0 0 0  17 -5 18 2 0 0 0 0 100 100 36000
I 652 8 0 0 0  12 30 4 2 0 0 0 0 100 100 36000
I 9704 9 0 0 0  5 2 0 0 0 0 0 0 100 100 36000
I 1650 4 0 0 0  4 2 0 0 0 0 0 0 100 100 36000
I 1653 0 4 4 11  18 2 0 0 0 0 0 0 100 100 36000
I 5100 0 1 8 3  18 1 19 1 0 0 0 0 100 100 36000
I 5100 0 1 8 3  18 1 19 1 0 0 0 0 100 100 36000
I 5101 0 1 8 3  18 2 19 2 0 0 0 0 100 100 36000
I 5101 0 1 8 3  18 2 19 2 0 0 0 0 100 100 36000
I 5106 0 3 6 3  1 -1 3 -1 0 0 0 0 100 100 36000
I 5102 0 2 6 3  18 2 19 2 0 0 0 0 100 100 36000
I 5102 0 2 6 3  18 2 19 2 0 0 0 0 100 100 36000
I 5102 0 2 6 3  18 2 19 2 0 0 0 0 100 100 36000
I 5103 0 2 7 3  18 2 19 2 0 0 0 0 100 100 36000
I 5103 0 2 7 3  18 2 19 2 0 0 0 0 100 100 36000
I 5104 0 2 8 3  18 2 19 2 0 0 0 0 100 100 36000
I 5002 0 3 7 3  18 2 19 2 0 0 0 0 100 100 36000
I 644 9 0 0 0  13 30 1 2 0 0 0 0 47 99 36000
I 18225 8 0 0 0  3 1 12 50 0 0 0 0 99 99 36000
I 9523 9 0 0 0  17 -3 19 2 0 0 0 0 100 100 36000
I 18019 500 0 0 0  0 0 0 0 0 0 0 0 100 100 36000
I 2222 9 0 0 0  1 1 0 0 0 0 0 0 100 100 36000
I 18015 1 0 0 0  3 4 0 0 0 0 0 0 100 100 36000
I 18011 15 0 0 0  13 25 0 0 0 0 0 0 100 100 36000
I 18014 0 5 5 6  18 3 19 3 0 0 0 0 100 100 36000
I 18013 10 0 0 0  0 0 0 0 0 0 0 0 100 100 36000
I 2123 0 0 0 0  18 1 19 1 0 0 0 0 40 99 36000
I 1520 11 0 0 0  2 1 1 2 0 0 0 0 100 100 36000
I 1510 0 4 3 3  0 0 0 0 0 0 0 0 100 100 36000
I 9807 8 0 0 0  18 -1 19 2 0 0 0 0 100 100 36000
I 2261 4 0 0 0  12 25 25 1 0 0 0 0 100 100 36000
I 6509 0 2 7 3  18 2 1 2 0 0 0 0 100 100 36000
I 6511 2 0 0 0  18 1 19 1 0 0 0 0 100 100 36000
I 15023 16 16 300 0  1 3 17 8 0 0 0 0 100 100 36000
I 1453 5 0 0 0  14 50 0 0 0 0 0 0 100 100 36000
I 1450 2 0 0 0  19 3 0 0 0 0 0 0 100 100 36000
I 9529 5 0 0 0  12 10 19 3 0 0 0 0 100 100 36000
I 2276 9 0 0 0  1 1 13 10 0 0 0 0 100 100 36000
I 9524 0 4 5 11  0 0 0 0 0 0 0 0 100 100 36000
I 2244 0 0 0 0  18 3 19 2 0 0 0 0 100 100 36000
I 3092 4 0 0 0  18 1 0 0 0 0 0 0 73 100 36000
I 643 9 0 0 0  13 30 18 2 0 0 0 0 88 88 36000
I 702 8 0 0 0  2 1 18 1 0 0 0 0 93 93 36000
I 7212 7 2 8 3  19 3 0 0 0 0 0 0 100 100 36000
I 13400 11 3 4 3  18 4 19 10 1 2 5 2 100 100 36000
I 1307 0 1 18 7  0 0 0 0 0 0 0 0 100 100 36000
I 9528 0 0 0 0  17 -9 19 1 0 0 0 0 29 99 36000
I 654 7 0 0 0  17 -5 18 2 0 0 0 0 100 100 36000
I 18082 10 0 0 0  0 0 0 0 0 0 0 0 99 99 36000
I 4209 0 0 0 0  1 -5 12 -70 0 0 0 0 99 99 36000
I 4209 0 0 0 0  1 -5 12 -70 0 0 0 0 95 95 36000
I 4202 7 3 12 3  17 5 0 0 0 0 0 0 100 100 36000
I 2254 4 0 0 0  19 2 1 1 0 0 0 0 89 90 36000
I 1701 5 2 8 10  18 2 19 2 0 0 0 0 100 100 36000
I 15023 16 16 300 0  1 3 17 8 0 0 0 0 100 100 36000
I 2320 0 0 0 0  17 -9 0 0 0 0 0 0 75 100 36000
I 1653 0 4 4 11  18 2 0 0 0 0 0 0 100 100 36000
I 18009 0 5 5 11  18 3 19 3 0 0 0 0 100 100 36000
I 642 9 0 0 0  13 30 14 70 0 0 0 0 100 100 36000
I 7922 2 0 0 0  18 1 0 0 0 0 0 0 92 99 36000
I 2804 6 0 0 0  2 1 19 2 0 0 0 0 100 100 36000
I 2802 3 0 0 0  18 -1 19 3 0 0 0 0 100 100 36000
I 2803 5 0 0 0  3 1 19 2 0 0 0 0 100 100 36000
I 718 8 0 0 0  2 1 18 -2 0 0 0 0 90 100 36000
I 10015 0 4 5 3  18 3 19 2 0 0 0 0 100 100 36000
I 1704 0 0 0 0  24 -1 17 -5 0 0 0 0 100 100 36000
I 653 0 5 6 2  18 5 19 -1 0 0 0 0 100 100 36000
I 628 6 0 0 0  24 -1 13 20 0 0 0 0 100 100 36000
I 635 8 0 0 0  12 20 5 1 0 0 0 0 100 100 36000
I 633 8 0 0 0  12 20 3 1 0 0 0 0 100 100 36000
I 630 0 4 4 1  18 -2 19 5 0 0 0 0 100 100 36000
I 6683 0 1 4 1  0 0 0 0 0 0 0 0 100 100 36000
I 4223 5 0 0 0  18 2 19 2 0 0 0 0 100 100 36000
I 4202 7 3 12 3  17 5 0 0 0 0 0 0 100 100 36000
I 6512 3 0 0 0  1 1 2 1 0 0 0 0 100 100 36000
I 2262 10 0 0 0  5 1 1 2 0 0 0 0 100 100 36000
I 657 7 0 0 0  17 -3 18 1 0 0 0 0 100 100 36000
I 654 7 0 0 0  17 -5 18 2 0 0 0 0 100 100 36000
I 660 7 0 0 0  17 -3 18 1 0 0 0 0 100 100 36000
I 662 7 5 4 5  19 6 0 0 0 0 0 0 100 100 36000
I 660 7 0 0 0  17 -3 18 1 0 0 0 0 100 100 36000
I 606 3 0 0 0  3 2 0 0 0 0 0 0 100 100 36000
I 2207 0 0 0 0  12 15 18 -1 0 0 0 0 100 100 36000
I 2003 5 0 0 0  4 2 3 2 0 0 0 0 80 100 36000
I 662 7 5 4 5  19 6 0 0 0 0 0 0 100 100 36000
I 654 7 0 0 0  17 -5 18 2 0 0 0 0 100 100 36000
I 634 8 0 0 0  12 20 4 1 0 0 0 0 99 99 36000
I 652 8 0 0 0  12 30 4 2 0 0 0 0 100 100 36000
I 1701 5 2 8 10  18 2 19 2 0 0 0 0 100 100 36000
I 1350 6 6 100 0  0 0 0 0 0 0 0 0 100 100 36000
I 1350 6 6 100 0  0 0 0 0 0 0 0 0 100 100 36000
I 2222 9 0 0 0  1 1 0 0 0 0 0 0 100 100 36000
I 4200 8 3 12 3  2 -3 18 2 0 0 0 0 100 100 36000
I 9524 0 4 5 11  0 0 0 0 0 0 0 0 100 100 36000
I 18425 8 5 5 2  19 3 18 2 0 0 0 0 72 100 36000
I 4201 11 0 0 0  12 40 1 -1 0 0 0 0 100 100 36000
I 10004 7 0 0 0  0 0 0 0 0 0 0 0 100 100 36000
I 2302 9 0 0 0  0 0 0 0 0 0 0 0 92 92 36000
I 10006 10 0 0 0  0 0 0 0 0 0 0 0 100 100 36000
I 10005 10 0 0 0  0 0 0 0 0 0 0 0 100 100 36000
I 10013 10 0 0 0  19 1 18 3 0 0 0 0 100 100 36000
I 2210 0 3 5 7  0 0 0 0 0 0 0 0 100 100 36000
I 2160 6 0 0 0  18 1 0 0 0 0 0 0 100 100 36000
I 2158 0 0 0 0  18 1 19 2 0 0 0 0 100 100 36000
I 2161 0 4 7 7  18 2 19 2 0 0 0 0 100 100 36000
I 632 8 0 0 0  12 20 2 1 0 0 0 0 100 100 36000
I 621 6 0 0 0  24 -2 13 20 0 0 0 0 100 100 36000
I 627 6 0 0 0  24 -1 13 20 0 0 0 0 100 100 36000
I 627 6 0 0 0  24 -1 13 20 0 0 0 0 100 100 36000
I 2161 0 4 7 7  18 2 19 2 0 0 0 0 100 100 36000
I 9517 6 0 0 0  19 1 17 -2 0 0 0 0 100 100 36000
I 2132 1 5 5 7  0 0 0 0 0 0 0 0 100 100 36000
I 606 3 0 0 0  3 2 0 0 0 0 0 0 100 100 36000
I 4224 0 10 2 11  18 -4 17 10 0 0 0 0 100 100 36000
I 4200 8 3 12 3  2 -3 18 2 0 0 0 0 100 100 36000
I 4210 0 0 0 0  17 -10 0 0 0 0 0 0 100 100 36000
I 4201 11 0 0 0  12 40 1 -1 0 0 0 0 100 100 36000
I 2220 1 1 100 0  0 0 0 0 0 0 0 0 100 100 36000
I 18028 8 0 0 0  0 0 0 0 0 0 0 0 97 98 36000
I 16009 0 5 6 11  18 -2 19 2 0 0 0 0 100 100 36000
I 9929 6 0 0 0  5 2 19 3 0 0 0 0 38 38 36000
I 7923 4 0 0 0  18 1 0 0 0 0 0 0 100 100 36000
I 660 7 0 0 0  17 -3 18 1 0 0 0 0 100 100 36000
I 18611 0 3 5 11  18 3 2 2 0 0 0 0 100 100 36000
I 7221 9 0 0 0  0 0 0 0 0 0 0 0 100 100 36000
I 18048 0 4 3 3  18 1 19 1 0 0 0 0 100 100 36000
I 2223 9 0 0 0  14 5 0 0 0 0 0 0 100 100 36000
I 2224 9 0 0 0  12 5 0 0 0 0 0 0 100 100 36000
I 9517 6 0 0 0  19 1 17 -2 0 0 0 0 100 100 36000
I 6124 8 3 6 3  18 2 19 2 0 0 0 0 100 100 36000
I 6123 6 0 0 0  0 0 0 0 0 0 0 0 100 100 36000
I 6121 6 0 0 0  0 0 0 0 0 0 0 0 100 100 36000
I 718 8 0 0 0  2 1 18 -2 0 0 0 0 100 100 36000
I 5001 9 0 0 0  2 2 19 2 0 0 0 0 100 100 36000
I 2308 8 0 0 0  19 1 4 -2 0 0 0 0 100 100 36000
I 9920 3 0 0 0  19 3 18 -1 0 0 0 0 100 100 36000
I 2209 8 5 5 3  18 2 19 3 0 0 0 0 100 100 36000
I 644 9 0 0 0  13 30 1 2 0 0 0 0 27 99 36000
I 18076 0 5 4 3  18 1 19 1 0 0 0 0 90 100 36000
I 18041 15 0 0 0  1 1 5 1 0 0 0 0 100 100 36000
I 18043 5 0 0 0  19 1 0 0 0 0 0 0 100 100 36000
I 9927 10 0 0 0  13 40 23 -2 0 0 0 0 98 98 36000
I 4220 1 0 0 0  12 1 13 1 0 0 0 0 87 87 36000
I 17002 0 0 0 0  23 -5 19 2 0 0 0 0 77 95 36000
I 9523 9 0 0 0  17 -3 19 2 0 0 0 0 100 100 36000
I 654 7 0 0 0  17 -5 18 2 0 0 0 0 100 100 36000
I 2298 0 0 0 0  17 -4 1 5 0 0 0 0 69 99 36000
I 2127 10 0 0 0  0 0 0 0 0 0 0 0 100 100 36000
I 1650 4 0 0 0  4 2 0 0 0 0 0 0 100 100 36000
I 1653 0 4 4 11  18 2 0 0 0 0 0 0 100 100 36000
I 4203 10 0 0 0  0 0 0 0 0 0 0 0 71 100 36000
I 2144 9 0 0 0  18 1 19 2 0 0 0 0 100 100 36000
I 2160 6 0 0 0  18 1 0 0 0 0 0 0 100 100 36000
I 2159 6 0 0 0  19 1 0 0 0 0 0 0 100 100 36000
I 2560 8 0 0 0  5 2 0 0 0 0 0 0 100 100 36000
I 6511 2 0 0 0  18 1 19 1 0 0 0 0 100 100 36000
I 6511 2 0 0 0  18 1 19 1 0 0 0 0 100 100 36000
I 6511 2 0 0 0  18 1 19 1 0 0 0 0 100 100 36000
I 10007 10 0 0 0  0 0 0 0 0 0 0 0 98 98 36000
I 18611 0 3 5 11  18 3 2 2 0 0 0 0 100 100 36000
I 9528 0 0 0 0  17 -9 19 1 0 0 0 0 100 100 36000
I 15027 13 0 0 0  19 2 25 -2 0 0 0 0 100 100 36000
I 7203 0 0 0 0  24 1 17 -10 0 0 0 0 44 92 36000
I 2254 4 0 0 0  19 2 1 1 0 0 0 0 100 100 36000
I 3075 6 0 0 0  0 0 0 0 0 0 0 0 100 100 36000
I 2570 16 16 32 0  0 0 0 0 0 0 0 0 100 100 36000
I 711 0 0 0 0  12 25 19 -1 0 0 0 0 69 69 36000
I 5001 9 0 0 0  2 2 19 2 0 0 0 0 100 100 36000
I 10001 5 0 0 0  1 1 18 1 0 0 0 0 100 100 36000
I 18611 0 3 5 11  18 3 2 2 0 0 0 0 100 100 36000
I 4218 9 0 0 0  18 -2 1 -1 0 0 0 0 100 100 36000
I 4210 0 0 0 0  17 -10 0 0 0 0 0 0 100 100 36000
I 4215 7 0 0 0  14 40 1 -1 0 0 0 0 100 100 36000
I 4200 8 3 12 3  2 -3 18 2 0 0 0 0 100 100 36000
I 4203 10 0 0 0  0 0 0 0 0 0 0 0 100 100 36000
I 10003 3 0 0 0  3 1 12 50 0 0 0 0 87 87 36000
I 2212 2 0 0 0  17 -11 19 2 0 0 0 0 92 92 36000
I 10014 0 2 7 11  0 0 0 0 0 0 0 0 100 100 36000
I 2213 1 0 0 0  4 2 0 0 0 0 0 0 93 93 36000
I 2301 0 5 4 3  18 2 23 -1 0 0 0 0 100 100 36000
I 2514 9 0 0 0  0 0 0 0 0 0 0 0 100 100 36000
I 631 8 0 0 0  12 20 1 1 0 0 0 0 100 100 36000
I 2513 7 0 0 0  0 0 0 0 0 0 0 0 100 100 36000
I 1320 3 0 0 0  2 1 0 0 0 0 0 0 100 100 36000
I 6684 8 0 0 0  0 0 0 0 0 0 0 0 100 100 36000
I 14603 4 0 0 0  18 1 0 0 0 0 0 0 100 100 36000
I 9001 0 6 2 11  2 2 18 3 0 0 0 0 100 100 36000
I 1307 0 1 18 7  0 0 0 0 0 0 0 0 100 100 36000
I 9713 0 0 0 0  17 6 13 -30 0 0 0 0 100 100 36000
I 9712 5 0 0 0  17 -3 13 5 0 0 0 0 100 100 36000
I 4202 7 3 12 3  17 5 0 0 0 0 0 0 50 100 36000
I 10014 0 2 7 11  0 0 0 0 0 0 0 0 100 100 36000
I 9002 6 0 0 0  3 3 17 -2 0 0 0 0 100 100 36000
I 2143 1 2 15 6  17 10 31 10 0 0 0 0 100 100 36000
I 1331 5 0 0 0  12 45 0 0 0 0 0 0 70 83 36000
I 2224 9 0 0 0  12 5 0 0 0 0 0 0 100 100 36000
I 2144 9 0 0 0  18 1 19 2 0 0 0 0 100 100 36000
I 2151 5 0 0 0  13 1 0 0 0 0 0 0 100 100 36000
I 2148 6 0 0 0  14 10 18 3 0 0 0 0 100 100 36000
I 1706 0 3 4 7  18 2 19 2 0 0 0 0 100 100 36000
I 2002 9 0 0 0  2 -1 31 5 0 0 0 0 100 100 36000
I 620 6 0 0 0  24 -3 13 25 0 0 0 0 100 100 36000
I 2318 9 0 0 0  18 1 19 1 0 0 0 0 36 36 36000
I 631 8 0 0 0  12 20 1 1 0 0 0 0 100 100 36000
I 2307 9 0 0 0  23 -2 24 -2 0 0 0 0 100 100 36000
I 2302 9 0 0 0  0 0 0 0 0 0 0 0 100 100 36000
I 1345 8 0 0 0  0 0 0 0 0 0 0 0 100 100 36000
I 2304 9 0 0 0  0 0 0 0 0 0 0 0 100 100 36000
I 1924 4 0 0 0  19 1 0 0 0 0 0 0 100 100 36000
I 5002 0 3 7 3  18 2 19 2 0 0 0 0 100 100 36000
I 4220 1 0 0 0  12 1 13 1 0 0 0 0 100 100 36000
I 18042 10 0 0 0  19 2 0 0 0 0 0 0 100 100 36000
I 9514 10 0 0 0  0 0 0 0 0 0 0 0 100 100 36000
I 2305 9 0 0 0  0 0 0 0 0 0 0 0 100 100 36000
I 18001 7 0 0 0  19 2 0 0 0 0 0 0 100 100 36000
I 630 0 4 4 1  18 -2 19 5 0 0 0 0 100 100 36000
I 18020 15 0 0 0  0 0 0 0 0 0 0 0 100 100 36000
I 621 6 0 0 0  24 -2 13 20 0 0 0 0 100 100 36000
I 18041 15 0 0 0  1 1 5 1 0 0 0 0 100 100 36000
I 18030 1 0 0 0  18 1 19 1 0 0 0 0 100 100 36000
I 620 6 0 0 0  24 -3 13 25 0 0 0 0 100 100 36000
I 18023 0 4 4 6  18 2 19 2 0 0 0 0 100 100 36000
I 2132 1 5 5 7  0 0 0 0 0 0 0 0 100 100 36000
I 6120 6 0 0 0  0 0 0 0 0 0 0 0 100 100 36000
I 1345 8 0 0 0  0 0 0 0 0 0 0 0 100 100 36000
I 9803 9 0 0 0  18 2 19 1 0 0 0 0 94 94 36000
I 14601 0 3 4 11  0 0 0 0 0 0 0 0 100 100 36000
I 4219 3 0 0 0  5 3 14 -100 0 0 0 0 100 100 36000
I 4214 7 0 0 0  13 20 12 -10 0 0 0 0 100 100 36000
I 2223 9 0 0 0  14 5 0 0 0 0 0 0 100 100 36000
I 9966 5 0 0 0  13 50 1 3 0 0 0 0 98 98 36000
I 2308 8 0 0 0  19 1 4 -2 0 0 0 0 8 90 36000
I 9902 0 2 5 3  0 0 0 0 0 0 0 0 100 100 36000
I 1704 0 0 0 0  24 -1 17 -5 0 0 0 0 100 100 36000
I 18042 10 0 0 0  19 2 0 0 0 0 0 0 72 100 36000
I 9924 3 0 0 0  19 3 18 -1 0 0 0 0 100 100 36000
I 9987 0 3 6 11  2 1 19 1 0 0 0 0 100 100 36000
I 640 9 0 0 0  12 30 4 2 0 0 0 0 79 100 36000
I 5002 0 3 7 3  18 2 19 2 0 0 0 0 100 100 36000
I 2314 9 0 0 0  2 1 0 0 0 0 0 0 100 100 36000
I 9920 3 0 0 0  19 3 18 -1 0 0 0 0 95 99 36000
I 5002 0 3 7 3  18 2 19 2 0 0 0 0 100 100 36000
I 2316 0 0 0 0  13 -20 12 -20 0 0 0 0 100 100 36000
I 2204 150 0 -1 0  17 -4 5 2 0 0 0 0 65 65 36000
I 6510 5 0 0 0  18 1 0 0 0 0 0 0 75 100 36000
I 14601 0 3 4 11  0 0 0 0 0 0 0 0 100 100 36000
I 1305 0 1 16 11  0 0 0 0 0 0 0 0 100 100 36000
I 657 7 0 0 0  17 -3 18 1 0 0 0 0 100 100 36000
I 14604 7 0 0 0  0 0 0 0 0 0 0 0 100 100 36000
I 9807 8 0 0 0  18 -1 19 2 0 0 0 0 100 100 36000
I 2560 8 0 0 0  5 2 0 0 0 0 0 0 100 100 36000
I 1350 6 6 100 0  0 0 0 0 0 0 0 0 100 100 36000
I 620 6 0 0 0  24 -3 13 25 0 0 0 0 100 100 36000
I 2127 10 0 0 0  0 0 0 0 0 0 0 0 100 100 36000
I 9987 0 3 6 11  2 1 19 1 0 0 0 0 100 100 36000
I 433 0 0 0 0  17 -8 18 1 0 0 0 0 83 96 36000
I 2561 8 0 0 0  5 2 0 0 0 0 0 0 100 100 36000
I 606 3 0 0 0  3 2 0 0 0 0 0 0 100 100 36000
I 7923 4 0 0 0  18 1 0 0 0 0 0 0 100 100 36000
I 18222 10 0 0 0  14 120 19 2 0 0 0 0 100 100 36000
I 437 0 1 6 3  19 4 0 0 0 0 0 0 100 100 36000
I 18023 0 4 4 6  18 2 19 2 0 0 0 0 99 99 36000
I 6683 0 1 4 1  0 0 0 0 0 0 0 0 100 100 36000
I 712 0 0 0 0  18 2 17 -9 0 0 0 0 50 100 36000
I 3080 6 0 0 0  0 0 0 0 0 0 0 0 100 100 36000
I 2143 1 2 15 6  17 10 31 10 0 0 0 0 100 100 36000
I 2144 9 0 0 0  18 1 19 2 0 0 0 0 100 100 36000
I 435 0 1 8 6  19 2 0 0 0 0 0 0 100 100 36000
I 4200 8 3 12 3  2 -3 18 2 0 0 0 0 100 100 36000
I 2142 13 0 0 0  0 0 0 0 0 0 0 0 100 100 36000
I 9708 8 0 0 0  1 1 2 2 0 0 0 0 96 96 36000
I 2147 6 0 0 0  14 10 18 3 0 0 0 0 100 100 36000
I 2161 0 4 7 7  18 2 19 2 0 0 0 0 100 100 36000
I 2517 5 0 0 0  0 0 0 0 0 0 0 0 100 100 36000
I 2522 5 0 0 0  0 0 0 0 0 0 0 0 100 100 36000
I 2512 5 0 0 0  0 0 0 0 0 0 0 0 100 100 36000
I 662 7 5 4 5  19 6 0 0 0 0 0 0 100 100 36000
I 2508 7 0 0 0  0 0 0 0 0 0 0 0 100 100 36000
I 10003 3 0 0 0  3 1 12 50 0 0 0 0 100 100 36000
I 2513 7 0 0 0  0 0 0 0 0 0 0 0 100 100 36000
I 2513 7 0 0 0  0 0 0 0 0 0 0 0 100 100 36000
I 2518 7 0 0 0  0 0 0 0 0 0 0 0 100 100 36000
I 2518 7 0 0 0  0 0 0 0 0 0 0 0 100 100 36000
I 2518 7 0 0 0  0 0 0 0 0 0 0 0 100 100 36000
I 2523 7 0 0 0  0 0 0 0 0 0 0 0 100 100 36000
I 2523 7 0 0 0  0 0 0 0 0 0 0 0 100 100 36000
I 2150 0 2 9 3  18 2 19 2 0 0 0 0 100 100 36000
I 1307 0 1 18 7  0 0 0 0 0 0 0 0 100 100 36000
I 637 8 0 0 0  12 20 17 -3 0 0 0 0 100 100 36000
I 718 8 0 0 0  2 1 18 -2 0 0 0 0 100 100 36000
I 435 0 1 8 6  19 2 0 0 0 0 0 0 100 100 36000
I 2210 0 3 5 7  0 0 0 0 0 0 0 0 100 100 36000
I 731 0 5 7 7  2 -2 1 -2 0 0 0 0 100 100 36000
I 2553 100 5 -1 0  0 0 0 0 0 0 0 0 100 100 36000
I 5107 0 4 5 3  1 -2 3 -2 0 0 0 0 100 100 36000
I 3022 0 1 8 3  0 0 0 0 0 0 0 0 100 100 36000
I 2285 0 6 4 4  18 2 19 2 0 0 0 0 100 100 36000
I 2318 9 0 0 0  18 1 19 1 0 0 0 0 13 45 36000
I 630 0 4 4 1  18 -2 19 5 0 0 0 0 100 100 36000
I 2523 7 0 0 0  0 0 0 0 0 0 0 0 100 100 36000
I 662 7 5 4 5  19 6 0 0 0 0 0 0 100 100 36000
I 307 7 0 0 0  5 1 4 1 0 0 0 0 100 100 36000
I 2143 1 2 15 6  17 10 31 10 0 0 0 0 100 100 36000
I 7923 4 0 0 0  18 1 0 0 0 0 0 0 100 100 36000
I 2151 5 0 0 0  13 1 0 0 0 0 0 0 100 100 36000
I 2149 4 0 0 0  2 2 18 2 0 0 0 0 100 100 36000
I 2148 6 0 0 0  14 10 18 3 0 0 0 0 100 100 36000
I 2161 0 4 7 7  18 2 19 2 0 0 0 0 100 100 36000
I 9514 10 0 0 0  0 0 0 0 0 0 0 0 34 34 36000
I 9713 0 0 0 0  17 6 13 -30 0 0 0 0 80 100 36000
I 9981 10 0 0 0  1 1 0 0 0 0 0 0 100 100 36000
I 13400 11 3 4 3  18 4 19 10 1 2 5 2 100 100 36000
I 2514 9 0 0 0  0 0 0 0 0 0 0 0 88 99 36000
I 20015 0 4 5 11  0 0 0 0 0 0 0 0 100 100 36000
I 18225 8 0 0 0  3 1 12 50 0 0 0 0 100 100 36000
I 18041 15 0 0 0  1 1 5 1 0 0 0 0 100 100 36000
I 9922 5 0 0 0  12 15 2 1 0 0 0 0 100 100 36000
I 2124 0 2 8 3  18 2 19 2 0 0 0 0 100 100 36000
I 13400 11 3 4 3  18 4 19 10 1 2 5 2 100 100 36000
I 18042 10 0 0 0  19 2 0 0 0 0 0 0 100 100 36000
I 18043 5 0 0 0  19 1 0 0 0 0 0 0 100 100 36000
I 2298 0 0 0 0  17 -4 1 5 0 0 0 0 100 100 36000
I 1704 0 0 0 0  24 -1 17 -5 0 0 0 0 100 100 36000
I 18225 8 0 0 0  3 1 12 50 0 0 0 0 100 100 36000
I 2803 5 0 0 0  3 1 19 2 0 0 0 0 100 100 36000
I 2508 7 0 0 0  0 0 0 0 0 0 0 0 100 100 36000
I 656 7 0 0 0  17 -3 18 1 0 0 0 0 100 100 36000
I 2802 3 0 0 0  18 -1 19 3 0 0 0 0 81 100 36000
I 9807 8 0 0 0  18 -1 19 2 0 0 0 0 100 100 36000
I 5001 9 0 0 0  2 2 19 2 0 0 0 0 90 100 36000
I 10001 5 0 0 0  1 1 18 1 0 0 0 0 100 100 36000
I 2804 6 0 0 0  2 1 19 2 0 0 0 0 100 100 36000
I 3022 0 1 8 3  0 0 0 0 0 0 0 0 100 100 36000
I 2224 9 0 0 0  12 5 0 0 0 0 0 0 100 100 36000
I 9709 11 0 0 0  17 -2 2 -2 0 0 0 0 100 100 36000
I 4200 8 3 12 3  2 -3 18 2 0 0 0 0 100 100 36000
I 2803 5 0 0 0  3 1 19 2 0 0 0 0 100 100 36000
I 7923 4 0 0 0  18 1 0 0 0 0 0 0 100 100 36000
I 630 0 4 4 1  18 -2 19 5 0 0 0 0 100 100 36000
I 2518 7 0 0 0  0 0 0 0 0 0 0 0 100 100 36000
I 3022 0 1 8 3  0 0 0 0 0 0 0 0 100 100 36000
I 638 8 0 0 0  12 20 19 1 0 0 0 0 100 100 36000
I 1901 0 4 4 3  19 1 0 0 0 0 0 0 100 100 36000
I 2260 0 3 5 3  3 1 4 1 0 0 0 0 100 100 36000
I 2142 13 0 0 0  0 0 0 0 0 0 0 0 100 100 36000
I 9914 13 0 0 0  19 3 18 -1 0 0 0 0 100 100 36000
I 2222 9 0 0 0  1 1 0 0 0 0 0 0 100 100 36000
I 9714 0 4 4 11  18 3 19 1 0 0 0 0 100 100 36000
I 3069 1 1 0 0  18 1 5 1 0 0 0 0 81 100 36000
I 2130 4 0 0 0  18 2 19 1 0 0 0 0 100 100 35828
I 5319 5 0 0 0  0 0 0 0 0 0 0 0 100 100 36000
I 5328 5 0 0 0  0 0 0 0 0 0 0 0 100 100 36000
I 5321 5 0 0 0  0 0 0 0 0 0 0 0 100 100 36000
I 5221 0 1 15 3  18 -2 19 3 0 0 0 0 100 100 36000
I 5330 0 0 0 0  4 2 0 0 0 0 0 0 100 100 36000
I 5317 0 3 4 3  18 2 19 2 0 0 0 0 100 100 36000
I 6685 7 0 0 0  19 1 0 0 0 0 0 0 100 100 36000
I 662 7 5 4 5  19 6 0 0 0 0 0 0 100 100 36000
I 6682 0 2 5 3  0 0 0 0 0 0 0 0 100 100 36000
I 6684 8 0 0 0  0 0 0 0 0 0 0 0 100 100 36000
I 6683 0 1 4 1  0 0 0 0 0 0 0 0 100 100 36000
I 6682 0 2 5 3  0 0 0 0 0 0 0 0 100 100 36000
I 6684 8 0 0 0  0 0 0 0 0 0 0 0 100 100 36000
I 1924 4 0 0 0  19 1 0 0 0 0 0 0 100 100 36000
I 17007 6 0 0 0  2 2 19 1 0 0 0 0 92 92 36000
I 627 6 0 0 0  24 -1 13 20 0 0 0 0 100 100 36000
I 1650 4 0 0 0  4 2 0 0 0 0 0 0 100 100 36000
I 627 6 0 0 0  24 -1 13 20 0 0 0 0 100 100 36000
I 633 8 0 0 0  12 20 3 1 0 0 0 0 100 100 36000
I 634 8 0 0 0  12 20 4 1 0 0 0 0 100 100 36000
I 5206 4 0 0 0  0 0 0 0 0 0 0 0 100 100 36000
I 2511 3 0 0 0  0 0 0 0 0 0 0 0 100 100 36000
I 2801 3 0 0 0  18 -2 19 1 0 0 0 0 100 100 36000
I 2014 11 0 0 0  14 -30 0 0 0 0 0 0 100 100 36000
I 606 3 0 0 0  3 2 0 0 0 0 0 0 100 100 36000
I 10014 0 2 7 11  0 0 0 0 0 0 0 0 100 100 36000
I 2260 0 3 5 3  3 1 4 1 0 0 0 0 100 100 36000
I 1521 0 4 3 7  0 0 0 0 0 0 0 0 100 100 36000
I 5204 4 0 0 0  18 -1 2 -1 0 0 0 0 100 100 36000
I 6682 0 2 5 3  0 0 0 0 0 0 0 0 100 100 36000
I 5205 7 0 0 0  18 -1 2 1 0 0 0 0 100 100 36000
I 2127 10 0 0 0  0 0 0 0 0 0 0 0 21 40 36000
I 2261 4 0 0 0  12 25 25 1 0 0 0 0 100 100 36000
I 2570 16 16 32 0  0 0 0 0 0 0 0 0 100 100 36000
I 660 7 0 0 0  17 -3 18 1 0 0 0 0 100 100 36000
I 660 7 0 0 0  17 -3 18 1 0 0 0 0 100 100 36000
I 624 6 0 0 0  24 -1 13 20 0 0 0 0 100 100 36000
I 621 6 0 0 0  24 -2 13 20 0 0 0 0 100 100 36000
I 638 8 0 0 0  12 20 19 1 0 0 0 0 100 100 36000
I 637 8 0 0 0  12 20 17 -3 0 0 0 0 100 100 36000
I 621 6 0 0 0  24 -2 13 20 0 0 0 0 100 100 36000
I 7192 3 0 0 0  14 20 0 0 0 0 0 0 100 100 36000
I 7192 3 0 0 0  14 20 0 0 0 0 0 0 100 100 36000
I 615 0 3 3 11  0 0 0 0 0 0 0 0 100 100 36000
I 624 6 0 0 0  24 -1 13 20 0 0 0 0 100 100 36000
I 5201 7 0 0 0  18 -2 0 0 0 0 0 0 100 100 36000
I 639 9 0 0 0  13 30 5 2 0 0 0 0 87 97 36000
I 10015 0 4 5 3  18 3 19 2 0 0 0 0 100 100 36000
I 2524 9 0 0 0  0 0 0 0 0 0 0 0 100 100 36000
I 20015 0 4 5 11  0 0 0 0 0 0 0 0 100 100 36000
I 18088 8 0 0 0  0 0 0 0 0 0 0 0 93 93 36000
I 18091 0 5 3 6  0 0 0 0 0 0 0 0 100 100 36000
I 7922 2 0 0 0  18 1 0 0 0 0 0 0 68 100 36000
I 9927 10 0 0 0  13 40 23 -2 0 0 0 0 100 100 36000
I 2840 0 6 6 11  25 2 19 3 0 0 0 0 100 100 36000
I 422 6 0 0 0  24 -5 0 0 0 0 0 0 100 100 36000
I 6120 6 0 0 0  0 0 0 0 0 0 0 0 86 100 36000
I 711 0 0 0 0  12 25 19 -1 0 0 0 0 27 99 36000
I 1908 0 4 4 7  18 2 19 2 0 0 0 0 100 100 36000
I 10005 10 0 0 0  0 0 0 0 0 0 0 0 100 100 36000
I 9807 8 0 0 0  18 -1 19 2 0 0 0 0 100 100 36000
I 2200 0 2 5 11  0 0 0 0 0 0 0 0 100 100 36000
I 307 7 0 0 0  5 1 4 1 0 0 0 0 100 100 36000
I 3022 0 1 8 3  0 0 0 0 0 0 0 0 100 100 36000
I 4202 7 3 12 3  17 5 0 0 0 0 0 0 100 100 36000
I 10003 3 0 0 0  3 1 12 50 0 0 0 0 100 100 36000
I 2207 0 0 0 0  12 15 18 -1 0 0 0 0 100 100 36000
I 633 8 0 0 0  12 20 3 1 0 0 0 0 100 100 36000
I 2158 0 0 0 0  18 1 19 2 0 0 0 0 100 100 36000
I 2260 0 3 5 3  3 1 4 1 0 0 0 0 100 100 36000
I 1653 0 4 4 11  18 2 0 0 0 0 0 0 100 100 36000
I 16013 5 0 0 0  12 -25 12 -25 0 0 0 0 100 100 36000
I 18420 8 0 0 0  17 -9 2 1 0 0 0 0 100 100 36000
I 2224 9 0 0 0  12 5 0 0 0 0 0 0 100 100 36000
I 2318 9 0 0 0  18 1 19 1 0 0 0 0 100 100 36000
I 9529 5 0 0 0  12 10 19 3 0 0 0 0 100 100 36000
I 6114 1 0 0 0  0 0 0 0 0 0 0 0 100 100 36000
I 14601 0 3 4 11  0 0 0 0 0 0 0 0 100 100 36000
I 2200 0 2 5 11  0 0 0 0 0 0 0 0 100 100 36000
I 18009 0 5 5 11  18 3 19 3 0 0 0 0 78 99 36000
I 13789 2 5 5 3  18 3 19 4 0 0 0 0 100 100 36000
I 412 0 0 0 0  18 3 1 2 0 0 0 0 100 100 36000
I 6505 7 0 0 0  17 -1 18 1 0 0 0 0 67 100 36000
I 406 0 8 2 2  18 -4 19 4 0 0 0 0 100 100 36000
I 623 6 0 0 0  24 -1 13 20 0 0 0 0 100 100 36000
I 7802 0 3 3 3  18 1 0 0 0 0 0 0 56 100 36000
I 634 8 0 0 0  12 20 4 1 0 0 0 0 100 100 36000
I 2002 9 0 0 0  2 -1 31 5 0 0 0 0 100 100 36000
I 700 0 0 0 0  13 30 2 1 0 0 0 0 97 97 36000
I 4201 11 0 0 0  12 40 1 -1 0 0 0 0 100 100 36000
I 637 8 0 0 0  12 20 17 -3 0 0 0 0 100 100 36000
I 6120 6 0 0 0  0 0 0 0 0 0 0 0 100 100 36000
I 10004 7 0 0 0  0 0 0 0 0 0 0 0 79 100 36000
I 9517 6 0 0 0  19 1 17 -2 0 0 0 0 100 100 36000
I 2207 0 0 0 0  12 15 18 -1 0 0 0 0 100 100 36000
I 5018 0 1 7 3  0 0 0 0 0 0 0 0 100 100 36000
I 5018 0 1 7 3  0 0 0 0 0 0 0 0 100 100 36000
I 5018 0 1 7 3  0 0 0 0 0 0 0 0 100 100 36000
I 5018 0 1 7 3  0 0 0 0 0 0 0 0 100 100 36000
I 5018 0 1 7 3  0 0 0 0 0 0 0 0 100 100 36000
I 3022 0 1 8 3  0 0 0 0 0 0 0 0 100 100 36000
I 6682 0 2 5 3  0 0 0 0 0 0 0 0 100 100 36000
I 9966 5 0 0 0  13 50 1 3 0 0 0 0 100 100 36000
I 11314 0 3 6 7  18 2 1 1 0 0 0 0 100 100 36000
I 11387 50 0 -1 0  17 -9 24 -2 0 0 0 0 100 100 36000
I 9518 3 4 5 3  18 2 19 2 0 0 0 0 100 100 36000
I 2002 9 0 0 0  2 -1 31 5 0 0 0 0 100 100 36000
I 3080 6 0 0 0  0 0 0 0 0 0 0 0 100 100 36000
I 18613 0 4 6 3  18 4 2 3 0 0 0 0 100 100 36000
I 5208 6 0 0 0  23 -2 24 -2 0 0 0 0 100 100 36000
I 2223 9 0 0 0  14 5 0 0 0 0 0 0 100 100 36000
I 1701 5 2 8 10  18 2 19 2 0 0 0 0 100 100 36000
I 6685 7 0 0 0  19 1 0 0 0 0 0 0 100 100 36000
I 6716 4 0 0 0  0 0 0 0 0 0 0 0 100 100 36000
I 6684 8 0 0 0  0 0 0 0 0 0 0 0 100 100 36000
I 6683 0 1 4 1  0 0 0 0 0 0 0 0 100 100 36000
I 404 0 12 1 11  18 2 0 0 0 0 0 0 75 100 36000
I 6121 6 0 0 0  0 0 0 0 0 0 0 0 100 100 36000
I 6511 2 0 0 0  18 1 19 1 0 0 0 0 61 100 36000
I 411 0 5 6 11  18 -6 19 3 0 0 0 0 100 100 36000
I 411 0 5 6 11  18 -6 19 3 0 0 0 0 100 100 36000
I 412 0 0 0 0  18 3 1 2 0 0 0 0 100 100 36000
I 412 0 0 0 0  18 3 1 2 0 0 0 0 100 100 36000
I 410 7 0 0 0  19 2 3 -3 0 0 0 0 100 100 36000
I 410 7 0 0 0  19 2 3 -3 0 0 0 0 100 100 36000
I 413 0 0 0 0  18 1 0 0 0 0 0 0 100 100 36000
I 445 5 0 0 0  0 0 0 0 0 0 0 0 100 100 36000
I 652 8 0 0 0  12 30 4 2 0 0 0 0 41 99 36000
I 443 6 0 0 0  0 0 0 0 0 0 0 0 100 100 36000
I 438 4 0 0 0  12 10 0 0 0 0 0 0 100 100 36000
I 10008 5 0 0 0  0 0 0 0 0 0 0 0 79 100 36000
I 6122 6 0 0 0  23 -2 0 0 0 0 0 0 100 100 36000
I 1521 0 4 3 7  0 0 0 0 0 0 0 0 100 100 36000
I 10005 10 0 0 0  0 0 0 0 0 0 0 0 100 100 36000
I 406 0 8 2 2  18 -4 19 4 0 0 0 0 100 100 36000
I 1521 0 4 3 7  0 0 0 0 0 0 0 0 100 100 36000
I 4209 0 0 0 0  1 -5 12 -70 0 0 0 0 100 100 36000
I 5114 0 0 0 0  9 -15 17 -2 0 0 0 0 100 100 36000
I 18406 12 0 0 0  2 3 5 3 0 0 0 0 100 100 36000
I 2160 6 0 0 0  18 1 0 0 0 0 0 0 100 100 36000
I 18091 0 5 3 6  0 0 0 0 0 0 0 0 100 100 36000
I 635 8 0 0 0  12 20 5 1 0 0 0 0 87 87 36000
I 5002 0 3 7 3  18 2 19 2 0 0 0 0 100 100 36000
I 1521 0 4 3 7  0 0 0 0 0 0 0 0 100 100 36000
I 2509 9 0 0 0  0 0 0 0 0 0 0 0 100 100 36000
I 3075 6 0 0 0  0 0 0 0 0 0 0 0 100 100 36000
I 2801 3 0 0 0  18 -2 19 1 0 0 0 0 100 100 36000
I 410 7 0 0 0  19 2 3 -3 0 0 0 0 100 100 36000
I 410 7 0 0 0  19 2 3 -3 0 0 0 0 100 100 36000
I 413 0 0 0 0  18 1 0 0 0 0 0 0 100 100 36000
I 413 0 0 0 0  18 1 0 0 0 0 0 0 100 100 36000
I 413 0 0 0 0  18 1 0 0 0 0 0 0 100 100 36000
I 412 0 0 0 0  18 3 1 2 0 0 0 0 100 100 36000
I 412 0 0 0 0  18 3 1 2 0 0 0 0 100 100 36000
I 411 0 5 6 11  18 -6 19 3 0 0 0 0 100 100 36000
I 411 0 5 6 11  18 -6 19 3 0 0 0 0 100 100 36000
I 18414 8 3 9 11  18 3 19 3 0 0 0 0 100 100 36000
I 638 8 0 0 0  12 20 19 1 0 0 0 0 100 100 36000
I 1521 0 4 3 7  0 0 0 0 0 0 0 0 100 100 36000
I 615 0 3 3 11  0 0 0 0 0 0 0 0 100 100 36000
I 2505 2 0 0 0  0 0 0 0 0 0 0 0 100 100 36000
I 2803 5 0 0 0  3 1 19 2 0 0 0 0 100 100 36000
I 3080 6 0 0 0  0 0 0 0 0 0 0 0 100 100 36000
I 704 0 0 0 0  18 4 19 -2 0 0 0 0 78 99 36000
I 10008 5 0 0 0  0 0 0 0 0 0 0 0 100 100 36000
I 1307 0 1 18 7  0 0 0 0 0 0 0 0 100 100 36000
I 1503 0 1 9 7  0 0 0 0 0 0 0 0 100 100 36000
I 2014 11 0 0 0  14 -30 0 0 0 0 0 0 100 100 36000
I 2014 11 0 0 0  14 -30 0 0 0 0 0 0 100 100 36000
I 2160 6 0 0 0  18 1 0 0 0 0 0 0 100 100 36000
I 715 0 3 8 3  18 -2 0 0 0 0 0 0 100 100 36000
I 438 4 0 0 0  12 10 0 0 0 0 0 0 100 100 36000
I 15028 8 0 0 0  3 3 4 3 0 0 0 0 18 18 36000
I 18425 8 5 5 2  19 3 18 2 0 0 0 0 100 100 36000
I 13400 11 3 4 3  18 4 19 10 1 2 5 2 100 100 36000
I 17002 0 0 0 0  23 -5 19 2 0 0 0 0 100 100 36000
I 2223 9 0 0 0  14 5 0 0 0 0 0 0 100 100 36000
I 10004 7 0 0 0  0 0 0 0 0 0 0 0 100 100 36000
I 1451 6 0 0 0  3 -1 0 0 0 0 0 0 100 100 36000
I 2121 5 0 0 0  13 5 0 0 0 0 0 0 100 100 35929
I 1704 0 0 0 0  24 -1 17 -5 0 0 0 0 100 100 36000
I 7212 7 2 8 3  19 3 0 0 0 0 0 0 100 100 36000
I 2275 6 0 0 0  13 15 18 2 0 0 0 0 100 100 36000
I 2306 9 0 0 0  0 0 0 0 0 0 0 0 100 100 36000
I 1302 7 0 0 0  18 2 12 20 0 0 0 0 100 100 36000
I 2121 5 0 0 0  13 5 0 0 0 0 0 0 100 100 36000
I 2161 0 4 7 7  18 2 19 2 0 0 0 0 100 100 36000
I 11385 0 4 7 7  19 2 17 -3 0 0 0 0 100 100 36000
I 14601 0 3 4 11  0 0 0 0 0 0 0 0 100 100 36000
I 18410 7 0 0 0  12 20 4 -3 0 0 0 0 100 100 36000
I 6713 0 2 3 3  0 0 0 0 0 0 0 0 100 100 36000
I 10008 5 0 0 0  0 0 0 0 0 0 0 0 100 100 36000
I 10004 7 0 0 0  0 0 0 0 0 0 0 0 100 100 36000
I 10006 10 0 0 0  0 0 0 0 0 0 0 0 100 100 36000
I 2500 2 0 0 0  0 0 0 0 0 0 0 0 100 100 36000
I 6685 7 0 0 0  19 1 0 0 0 0 0 0 100 100 36000
I 16009 0 5 6 11  18 -2 19 2 0 0 0 0 100 100 36000
I 9002 6 0 0 0  3 3 17 -2 0 0 0 0 100 100 36000
I 4224 0 10 2 11  18 -4 17 10 0 0 0 0 100 100 36000
I 9529 5 0 0 0  12 10 19 3 0 0 0 0 100 100 36000
I 3070 6 0 0 0  0 0 0 0 0 0 0 0 12 99 36000
I 2009 11 0 0 0  2 2 1 1 0 0 0 0 100 100 36000
I 16009 0 5 6 11  18 -2 19 2 0 0 0 0 100 100 36000
I 2802 3 0 0 0  18 -1 19 3 0 0 0 0 100 100 36000
I 2244 0 0 0 0  18 3 19 2 0 0 0 0 5 41 36000
I 638 8 0 0 0  12 20 19 1 0 0 0 0 100 100 36000
I 637 8 0 0 0  12 20 17 -3 0 0 0 0 100 100 36000
I 2009 11 0 0 0  2 2 1 1 0 0 0 0 100 100 36000
I 634 8 0 0 0  12 20 4 1 0 0 0 0 100 100 36000
I 653 0 5 6 2  18 5 19 -1 0 0 0 0 100 100 36000
I 6504 0 2 6 3  0 0 0 0 0 0 0 0 100 100 36000
I 615 0 3 3 11  0 0 0 0 0 0 0 0 100 100 36000
I 438 4 0 0 0  12 10 0 0 0 0 0 0 100 100 36000
I 624 6 0 0 0  24 -1 13 20 0 0 0 0 100 100 36000
I 1510 0 4 3 3  0 0 0 0 0 0 0 0 100 100 36000
I 1520 11 0 0 0  2 1 1 2 0 0 0 0 100 100 36000
I 1708 1 1 0 0  17 -5 0 0 0 0 0 0 100 100 36000
I 606 3 0 0 0  3 2 0 0 0 0 0 0 100 100 36000
I 1520 11 0 0 0  2 1 1 2 0 0 0 0 100 100 36000
I 2501 3 0 0 0  0 0 0 0 0 0 0 0 100 100 36000
I 6510 5 0 0 0  18 1 0 0 0 0 0 0 100 100 36000
I 6509 0 2 7 3  18 2 1 2 0 0 0 0 100 100 36000
I 6684 8 0 0 0  0 0 0 0 0 0 0 0 100 100 36000
I 9719 10 0 0 0  19 -2 2 -2 0 0 0 0 100 100 36000
I 4214 7 0 0 0  13 20 12 -10 0 0 0 0 100 100 36000
I 4213 9 0 0 0  1 1 0 0 0 0 0 0 100 100 36000
I 1901 0 4 4 3  19 1 0 0 0 0 0 0 100 100 36000
I 1508 6 0 0 0  14 15 0 0 0 0 0 0 100 100 36000
I 2315 0 2 7 3  18 3 0 0 0 0 0 0 62 62 36000
I 1509 7 0 0 0  18 2 0 0 0 0 0 0 100 100 36000
I 1320 3 0 0 0  2 1 0 0 0 0 0 0 100 100 36000
I 6504 0 2 6 3  0 0 0 0 0 0 0 0 100 100 36000
I 1345 8 0 0 0  0 0 0 0 0 0 0 0 100 100 36000
I 2222 9 0 0 0  1 1 0 0 0 0 0 0 100 100 36000
I 2220 1 1 100 0  0 0 0 0 0 0 0 0 100 100 36000
I 1508 6 0 0 0  14 15 0 0 0 0 0 0 100 100 36000
I 2553 100 5 -1 0  0 0 0 0 0 0 0 0 100 100 36000
I 2502 5 0 0 0  0 0 0 0 0 0 0 0 100 100 36000
I 2517 5 0 0 0  0 0 0 0 0 0 0 0 100 100 36000
I 2512 5 0 0 0  0 0 0 0 0 0 0 0 100 100 36000
I 700 0 0 0 0  13 30 2 1 0 0 0 0 100 100 36000
I 11364 150 0 -1 0  0 0 0 0 0 0 0 0 100 100 36000
I 7223 7 0 0 0  19 2 18 1 0 0 0 0 90 90 36000
I 2522 5 0 0 0  0 0 0 0 0 0 0 0 100 100 36000
I 6661 0 0 0 0  17 -3 0 0 0 0 0 0 100 100 36000
I 2507 5 0 0 0  0 0 0 0 0 0 0 0 100 100 36000
I 632 8 0 0 0  12 20 2 1 0 0 0 0 100 100 36000
I 2506 3 0 0 0  0 0 0 0 0 0 0 0 100 100 36000
I 2143 1 2 15 6  17 10 31 10 0 0 0 0 100 100 36000
I 658 7 0 0 0  17 -3 18 1 0 0 0 0 100 100 36000
I 2148 6 0 0 0  14 10 18 3 0 0 0 0 100 100 36000
I 647 7 5 5 1  18 1 19 3 0 0 0 0 100 100 36000
I 1508 6 0 0 0  14 15 0 0 0 0 0 0 100 100 36000
I 2205 150 0 -1 0  17 -4 1 2 0 0 0 0 100 100 36000
I 1302 7 0 0 0  18 2 12 20 0 0 0 0 100 100 36000
I 428 0 2 5 3  18 10 0 0 0 0 0 0 97 97 36000
I 2148 6 0 0 0  14 10 18 3 0 0 0 0 100 100 36000
I 3075 6 0 0 0  0 0 0 0 0 0 0 0 100 100 36000
I 1701 5 2 8 10  18 2 19 2 0 0 0 0 100 100 36000
I 6509 0 2 7 3  18 2 1 2 0 0 0 0 100 100 36000
I 6509 0 2 7 3  18 2 1 2 0 0 0 0 100 100 36000
I 1909 0 2 10 7  0 0 0 0 0 0 0 0 100 100 36000
I 647 7 5 5 1  18 1 19 3 0 0 0 0 100 100 36000
I 1331 5 0 0 0  12 45 0 0 0 0 0 0 100 100 36000
I 626 6 0 0 0  24 -1 13 20 0 0 0 0 100 100 36000
I 2302 9 0 0 0  0 0 0 0 0 0 0 0 100 100 36000
I 6505 7 0 0 0  17 -1 18 1 0 0 0 0 100 100 36000
I 18080 0 7 3 2  18 2 19 2 0 0 0 0 100 100 36000
I 636 8 0 0 0  12 20 18 1 0 0 0 0 100 100 36000
I 6510 5 0 0 0  18 1 0 0 0 0 0 0 100 100 36000
I 1901 0 4 4 3  19 1 0 0 0 0 0 0 100 100 36000
I 9521 7 0 0 0  0 0 0 0 0 0 0 0 100 100 36000
I 2550 100 15 2551 0  0 0 0 0 0 0 0 0 100 100 36000
I 2561 8 0 0 0  5 2 0 0 0 0 0 0 100 100 36000
I 2570 16 16 32 0  0 0 0 0 0 0 0 0 100 100 36000
I 2150 0 2 9 3  18 2 19 2 0 0 0 0 100 100 36000
I 1651 6 0 0 0  14 25 0 0 0 0 0 0 100 100 36000
I 1704 0 0 0 0  24 -1 17 -5 0 0 0 0 100 100 36000
I 9808 12 0 0 0  13 100 19 2 0 0 0 0 79 79 36000
I 1650 4 0 0 0  4 2 0 0 0 0 0 0 100 100 36000
I 2553 100 5 -1 0  0 0 0 0 0 0 0 0 100 100 36000
I 10003 3 0 0 0  3 1 12 50 0 0 0 0 100 100 36000
I 2130 4 0 0 0  18 2 19 1 0 0 0 0 100 100 36000
I 2130 4 0 0 0  18 2 19 1 0 0 0 0 100 100 36000
I 18065 0 4 4 3  0 0 0 0 0 0 0 0 100 100 36000
I 18063 6 0 0 0  0 0 0 0 0 0 0 0 100 100 36000
I 18064 6 0 0 0  0 0 0 0 0 0 0 0 100 100 36000
I 9719 10 0 0 0  19 -2 2 -2 0 0 0 0 100 100 36000
I 9716 5 3 8 7  18 2 19 3 0 0 0 0 100 100 36000
I 9713 0 0 0 0  17 6 13 -30 0 0 0 0 100 100 36000
I 2521 3 0 0 0  0 0 0 0 0 0 0 0 100 100 36000
I 1307 0 1 18 7  0 0 0 0 0 0 0 0 100 100 36000
I 2521 3 0 0 0  0 0 0 0 0 0 0 0 100 100 36000
I 2521 3 0 0 0  0 0 0 0 0 0 0 0 100 100 36000
I 2521 3 0 0 0  0 0 0 0 0 0 0 0 100 100 36000
I 4203 10 0 0 0  0 0 0 0 0 0 0 0 100 100 36000
I 6704 0 0 0 0  0 0 0 0 0 0 0 0 100 100 36000
I 2521 3 0 0 0  0 0 0 0 0 0 0 0 100 100 36000
I 2501 3 0 0 0  0 0 0 0 0 0 0 0 100 100 36000
I 2501 3 0 0 0  0 0 0 0 0 0 0 0 100 100 36000
I 2516 3 0 0 0  0 0 0 0 0 0 0 0 100 100 36000
I 2516 3 0 0 0  0 0 0 0 0 0 0 0 100 100 36000
I 2516 3 0 0 0  0 0 0 0 0 0 0 0 100 100 36000
I 2516 3 0 0 0  0 0 0 0 0 0 0 0 100 100 36000
I 2511 3 0 0 0  0 0 0 0 0 0 0 0 100 100 36000
I 2511 3 0 0 0  0 0 0 0 0 0 0 0 100 100 36000
I 2511 3 0 0 0  0 0 0 0 0 0 0 0 100 100 36000
I 6705 0 0 0 0  0 0 0 0 0 0 0 0 100 100 36000
I 2511 3 0 0 0  0 0 0 0 0 0 0 0 100 100 36000
I 2501 3 0 0 0  0 0 0 0 0 0 0 0 100 100 36000
I 2506 3 0 0 0  0 0 0 0 0 0 0 0 100 100 36000
I 2516 3 0 0 0  0 0 0 0 0 0 0 0 100 100 36000
I 2517 5 0 0 0  0 0 0 0 0 0 0 0 100 100 36000
I 2506 3 0 0 0  0 0 0 0 0 0 0 0 100 100 36000
I 2506 3 0 0 0  0 0 0 0 0 0 0 0 100 100 36000
I 2507 5 0 0 0  0 0 0 0 0 0 0 0 100 100 36000
I 2501 3 0 0 0  0 0 0 0 0 0 0 0 100 100 36000
I 2506 3 0 0 0  0 0 0 0 0 0 0 0 100 100 36000
I 2502 5 0 0 0  0 0 0 0 0 0 0 0 100 100 36000
I 14601 0 3 4 11  0 0 0 0 0 0 0 0 100 100 36000
I 2522 5 0 0 0  0 0 0 0 0 0 0 0 100 100 36000
I 6512 3 0 0 0  1 1 2 1 0 0 0 0 100 100 36000
I 11319 0 3 7 3  19 3 20 2 0 0 0 0 100 100 36000
I 2512 5 0 0 0  0 0 0 0 0 0 0 0 100 100 36000
I 618 2 0 0 0  0 0 0 0 0 0 0 0 100 100 36000
I 619 2 0 0 0  0 0 0 0 0 0 0 0 100 100 36000
I 617 2 0 0 0  0 0 0 0 0 0 0 0 100 100 36000
I 2205 150 0 -1 0  17 -4 1 2 0 0 0 0 100 100 36000
I 2560 8 0 0 0  5 2 0 0 0 0 0 0 100 100 36000
I 6660 0 0 0 0  0 0 0 0 0 0 0 0 100 100 36000
I 16009 0 5 6 11  18 -2 19 2 0 0 0 0 100 100 36000
I 5317 0 3 4 3  18 2 19 2 0 0 0 0 100 100 36000
I 5317 0 3 4 3  18 2 19 2 0 0 0 0 100 100 36000
I 5317 0 3 4 3  18 2 19 2 0 0 0 0 100 100 36000
I 5320 5 0 0 0  0 0 0 0 0 0 0 0 100 100 36000
I 5320 5 0 0 0  0 0 0 0 0 0 0 0 100 100 36000
I 5321 5 0 0 0  0 0 0 0 0 0 0 0 100 100 36000
I 5319 5 0 0 0  0 0 0 0 0 0 0 0 100 100 36000
I 5319 5 0 0 0  0 0 0 0 0 0 0 0 100 100 36000
I 5319 5 0 0 0  0 0 0 0 0 0 0 0 100 100 36000
I 5319 5 0 0 0  0 0 0 0 0 0 0 0 100 100 36000
I 5321 5 0 0 0  0 0 0 0 0 0 0 0 100 100 36000
I 5330 0 0 0 0  4 2 0 0 0 0 0 0 100 100 36000
I 5328 5 0 0 0  0 0 0 0 0 0 0 0 100 100 36000
I 3085 6 0 0 0  0 0 0 0 0 0 0 0 63 63 36000
I 6112 4 0 0 0  0 0 0 0 0 0 0 0 100 100 36000
I 9930 7 0 0 0  13 50 12 50 0 0 0 0 100 100 36000
I 5321 5 0 0 0  0 0 0 0 0 0 0 0 100 100 36000
I 5327 5 0 0 0  0 0 0 0 0 0 0 0 100 100 36000
I 5327 5 0 0 0  0 0 0 0 0 0 0 0 100 100 36000
I 5320 5 0 0 0  0 0 0 0 0 0 0 0 100 100 36000
I 5326 5 0 0 0  0 0 0 0 0 0 0 0 100 100 36000
I 1451 6 0 0 0  3 -1 0 0 0 0 0 0 100 100 36000
I 631 8 0 0 0  12 20 1 1 0 0 0 0 100 100 36000
I 2121 5 0 0 0  13 5 0 0 0 0 0 0 100 100 36000
I 2134 0 0 0 0  12 40 0 0 0 0 0 0 100 100 36000
I 9717 4 0 0 0  18 1 19 2 0 0 0 0 100 100 36000
I 1508 6 0 0 0  14 15 0 0 0 0 0 0 100 100 36000
I 2016 0 3 6 3  18 1 0 0 0 0 0 0 100 100 36000
I 2502 5 0 0 0  0 0 0 0 0 0 0 0 100 100 36000
I 2134 0 0 0 0  12 40 0 0 0 0 0 0 100 100 36000
I 1510 0 4 3 3  0 0 0 0 0 0 0 0 100 100 36000
I 646 9 0 0 0  13 30 24 -5 0 0 0 0 50 100 36000
I 2512 5 0 0 0  0 0 0 0 0 0 0 0 100 100 36000
I 7200 0 2 6 3  18 2 1 -1 0 0 0 0 100 100 36000
I 1350 0 6 100 0  0 0 0 0 0 0 0 0 100 100 36000
I 5325 5 0 0 0  0 0 0 0 0 0 0 0 100 100 36000
I 715 0 3 8 3  18 -2 0 0 0 0 0 0 100 100 36000
I 18225 8 0 0 0  3 1 12 50 0 0 0 0 100 100 36000
I 20015 0 4 5 11  0 0 0 0 0 0 0 0 100 100 36000
I 2201 0 2 4 11  0 0 0 0 0 0 0 0 100 100 36000
I 9523 9 0 0 0  17 -3 19 2 0 0 0 0 100 100 36000
I 5106 0 3 6 3  1 -1 3 -1 0 0 0 0 100 100 36000
I 5108 5 0 0 0  18 1 19 1 0 0 0 0 100 100 36000
I 5105 0 2 8 3  18 2 19 2 0 0 0 0 100 100 36000
I 625 6 0 0 0  24 -1 13 20 0 0 0 0 100 100 36000
I 1520 11 0 0 0  2 1 1 2 0 0 0 0 100 100 36000
I 14604 7 0 0 0  0 0 0 0 0 0 0 0 100 100 36000
I 9710 12 0 0 0  18 -2 0 0 0 0 0 0 100 100 36000
I 6714 0 3 7 11  18 5 19 5 0 0 0 0 100 100 36000
I 2004 0 4 5 3  18 3 19 3 0 0 0 0 31 99 36000
I 5021 0 4 6 7  0 0 0 0 0 0 0 0 100 100 36000
I 6122 6 0 0 0  23 -2 0 0 0 0 0 0 77 100 36000
I 7802 0 3 3 3  18 1 0 0 0 0 0 0 100 100 36000
I 13400 11 3 4 3  18 4 19 10 1 2 5 2 100 100 36000
I 6510 5 0 0 0  18 1 0 0 0 0 0 0 100 100 36000
I 5324 5 0 0 0  0 0 0 0 0 0 0 0 100 100 36000
I 6510 5 0 0 0  18 1 0 0 0 0 0 0 100 100 36000
I 1902 0 2 6 11  10 -1 18 1 0 0 0 0 100 100 36000
I 2271 6 0 0 0  2 2 5 -1 0 0 0 0 75 100 36000
I 5321 5 0 0 0  0 0 0 0 0 0 0 0 100 100 36000
I 18046 10 0 0 0  24 -3 0 0 0 0 0 0 88 100 36000
I 18042 10 0 0 0  19 2 0 0 0 0 0 0 100 100 36000
I 2213 1 0 0 0  4 2 0 0 0 0 0 0 100 100 36000
I 18301 0 2 7 11  24 -2 0 0 0 0 0 0 100 100 36000
I 7200 0 2 6 3  18 2 1 -1 0 0 0 0 100 100 36000
I 618 2 0 0 0  0 0 0 0 0 0 0 0 100 100 36000
I 2561 8 0 0 0  5 2 0 0 0 0 0 0 100 100 36000
I 2210 0 3 5 7  0 0 0 0 0 0 0 0 100 100 36000
I 16009 0 5 6 11  18 -2 19 2 0 0 0 0 85 100 36000
I 5317 0 3 4 3  18 2 19 2 0 0 0 0 100 100 36000
I 2286 0 3 5 7  0 0 0 0 0 0 0 0 100 100 36000
I 18015 1 0 0 0  3 4 0 0 0 0 0 0 90 90 36000
I 5107 0 4 5 3  1 -2 3 -2 0 0 0 0 100 100 36000
I 6505 7 0 0 0  17 -1 18 1 0 0 0 0 100 100 36000
I 2132 1 5 5 7  0 0 0 0 0 0 0 0 65 65 36000
I 714 10 0 0 0  3 1 24 -5 0 0 0 0 100 100 36000
I 9712 5 0 0 0  17 -3 13 5 0 0 0 0 100 100 36000
I 9522 13 0 0 0  24 -5 23 -5 0 0 0 0 100 100 36000
I 635 8 0 0 0  12 20 5 1 0 0 0 0 96 96 36000
I 2560 8 0 0 0  5 2 0 0 0 0 0 0 100 100 36000
I 2148 6 0 0 0  14 10 18 3 0 0 0 0 100 100 36000
I 1901 0 4 4 3  19 1 0 0 0 0 0 0 100 100 36000
I 2124 0 2 8 3  18 2 19 2 0 0 0 0 100 100 36000
I 3069 1 1 0 0  18 1 5 1 0 0 0 0 75 98 36000
I 10005 10 0 0 0  0 0 0 0 0 0 0 0 100 100 36000
I 2142 13 0 0 0  0 0 0 0 0 0 0 0 100 100 36000
I 430 7 0 0 0  0 0 0 0 0 0 0 0 100 100 36000
I 18019 500 0 0 0  0 0 0 0 0 0 0 0 100 100 36000
I 7802 0 3 3 3  18 1 0 0 0 0 0 0 100 100 36000
I 1520 11 0 0 0  2 1 1 2 0 0 0 0 100 100 36000
I 9528 0 0 0 0  17 -9 19 1 0 0 0 0 100 100 36000
I 2159 6 0 0 0  19 1 0 0 0 0 0 0 79 100 36000
I 2160 6 0 0 0  18 1 0 0 0 0 0 0 100 100 36000
I 715 0 3 8 3  18 -2 0 0 0 0 0 0 100 100 36000
I 2204 150 0 -1 0  17 -4 5 2 0 0 0 0 65 65 36000
I 10007 10 0 0 0  0 0 0 0 0 0 0 0 82 100 36000
I 18081 8 4 3 1  19 2 0 0 0 0 0 0 100 100 36000
I 4204 11 0 0 0  4 3 0 0 0 0 0 0 79 100 36000
I 6508 0 2 6 3  0 0 0 0 0 0 0 0 100 100 36000
I 1331 5 0 0 0  12 45 0 0 0 0 0 0 70 83 36000
I 1708 1 1 0 0  17 -5 0 0 0 0 0 0 100 100 36000
I 2149 4 0 0 0  2 2 18 2 0 0 0 0 100 100 36000
I 1510 0 4 3 3  0 0 0 0 0 0 0 0 100 100 36000
I 2205 150 0 -1 0  17 -4 1 2 0 0 0 0 100 100 36000
I 5107 0 4 5 3  1 -2 3 -2 0 0 0 0 100 100 36000
I 2150 0 2 9 3  18 2 19 2 0 0 0 0 100 100 36000
I 432 0 2 8 3  0 0 0 0 0 0 0 0 100 100 36000
I 2220 1 1 100 0  0 0 0 0 0 0 0 0 100 100 36000
I 6505 7 0 0 0  17 -1 18 1 0 0 0 0 100 100 36000
I 2314 9 0 0 0  2 1 0 0 0 0 0 0 100 100 36000
I 623 6 0 0 0  24 -1 13 20 0 0 0 0 100 100 36000
I 18421 9 0 0 0  3 -3 14 20 0 0 0 0 100 100 36000
I 635 8 0 0 0  12 20 5 1 0 0 0 0 100 100 36000
I 2210 0 3 5 7  0 0 0 0 0 0 0 0 100 100 36000
I 9928 50 0 0 0  13 15 17 -8 0 0 0 0 100 100 36000
I 11314 0 3 6 7  18 2 1 1 0 0 0 0 85 100 36000
I 18417 6 0 0 0  2 1 0 0 0 0 0 0 100 100 36000
I 18091 0 5 3 6  0 0 0 0 0 0 0 0 100 100 36000
I 1907 0 3 5 7  19 1 18 1 0 0 0 0 100 100 36000
I 9926 5 0 0 0  18 -2 19 4 0 0 0 0 100 100 36000
I 4212 0 3 6 11  18 1 19 1 0 0 0 0 100 100 36000
I 4214 7 0 0 0  13 20 12 -10 0 0 0 0 48 48 36000
I 1345 8 0 0 0  0 0 0 0 0 0 0 0 100 100 36000
I 11335 10 0 0 0  3 1 4 1 0 0 0 0 100 100 36000
I 2136 4 0 0 0  13 10 18 -1 0 0 0 0 100 100 36000
I 7192 3 0 0 0  14 20 0 0 0 0 0 0 100 100 36000
I 2149 4 0 0 0  2 2 18 2 0 0 0 0 100 100 36000
I 9522 13 0 0 0  24 -5 23 -5 0 0 0 0 96 96 35915
I 6512 3 0 0 0  1 1 2 1 0 0 0 0 100 100 36000
I 1509 7 0 0 0  18 2 0 0 0 0 0 0 100 100 36000
I 636 8 0 0 0  12 20 18 1 0 0 0 0 100 100 36000
I 1309 2 0 0 0  19 2 0 0 0 0 0 0 92 100 36000
I 639 9 0 0 0  13 30 5 2 0 0 0 0 84 84 36000
I 1908 0 4 4 7  18 2 19 2 0 0 0 0 100 100 36000
I 18013 10 0 0 0  0 0 0 0 0 0 0 0 100 100 36000
I 18011 15 0 0 0  13 25 0 0 0 0 0 0 100 100 36000
I 18019 500 0 0 0  0 0 0 0 0 0 0 0 100 100 36000
I 3092 4 0 0 0  18 1 0 0 0 0 0 0 73 100 36000
I 18015 1 0 0 0  3 4 0 0 0 0 0 0 100 100 36000
I 18015 1 0 0 0  3 4 0 0 0 0 0 0 100 100 36000
I 10011 0 0 0 0  17 -7 0 0 0 0 0 0 82 100 36000
I 6682 0 2 5 3  0 0 0 0 0 0 0 0 100 100 36000
I 718 8 0 0 0  2 1 18 -2 0 0 0 0 100 100 36000
I 11382 50 0 -1 0  17 -9 24 -2 0 0 0 0 99 99 36000
I 6672 13 0 -1 0  17 -5 0 0 0 0 0 0 100 100 36000
I 18011 15 0 0 0  13 25 0 0 0 0 0 0 100 100 36000
I 6504 0 2 6 3  0 0 0 0 0 0 0 0 100 100 36000
I 14604 7 0 0 0  0 0 0 0 0 0 0 0 100 100 36000
I 6123 6 0 0 0  0 0 0 0 0 0 0 0 100 100 36000
I 9524 0 4 5 11  0 0 0 0 0 0 0 0 100 100 36000
I 2159 6 0 0 0  19 1 0 0 0 0 0 0 100 100 36000
I 18091 0 5 3 6  0 0 0 0 0 0 0 0 100 100 36000
I 2210 0 3 5 7  0 0 0 0 0 0 0 0 100 100 36000
I 2207 0 0 0 0  12 15 18 -1 0 0 0 0 100 100 36000
I 631 8 0 0 0  12 20 1 1 0 0 0 0 100 100 36000
I 5107 0 4 5 3  1 -2 3 -2 0 0 0 0 100 100 36000
I 625 6 0 0 0  24 -1 13 20 0 0 0 0 100 100 36000
I 2009 11 0 0 0  2 2 1 1 0 0 0 0 100 100 36000
I 1924 4 0 0 0  19 1 0 0 0 0 0 0 100 100 36000
I 9709 11 0 0 0  17 -2 2 -2 0 0 0 0 100 100 36000
I 1345 8 0 0 0  0 0 0 0 0 0 0 0 100 100 36000
I 6713 0 2 3 3  0 0 0 0 0 0 0 0 100 100 36000
I 2314 9 0 0 0  2 1 0 0 0 0 0 0 100 100 36000
I 2305 9 0 0 0  17 -2 0 0 0 0 0 0 95 95 36000
I 2223 9 0 0 0  14 5 0 0 0 0 0 0 100 100 36000
I 3070 6 0 0 0  0 0 0 0 0 0 0 0 100 100 36000
I 2151 5 0 0 0  13 1 0 0 0 0 0 0 100 100 36000
I 645 9 0 0 0  13 30 19 2 0 0 0 0 94 94 36000
I 633 8 0 0 0  12 20 3 1 0 0 0 0 100 100 36000
I 640 9 0 0 0  12 30 4 2 0 0 0 0 56 100 36000
I 2139 0 0 0 0  0 0 0 0 0 0 0 0 88 100 36000
I 7212 7 2 8 3  19 3 0 0 0 0 0 0 100 100 36000
I 1650 4 0 0 0  4 2 0 0 0 0 0 0 100 100 36000
I 1509 7 0 0 0  18 2 0 0 0 0 0 0 100 100 36000
I 5107 0 4 5 3  1 -2 3 -2 0 0 0 0 100 100 36000
I 18010 7 0 0 0  4 1 3 1 0 0 0 0 100 100 36000
I 619 2 0 0 0  0 0 0 0 0 0 0 0 100 100 36000
I 10011 0 0 0 0  17 -7 0 0 0 0 0 0 100 100 36000
I 9719 10 0 0 0  19 -2 2 -2 0 0 0 0 100 100 36000
I 6504 0 2 6 3  0 0 0 0 0 0 0 0 100 100 36000
I 9929 6 0 0 0  5 2 19 3 0 0 0 0 100 100 36000
I 618 2 0 0 0  0 0 0 0 0 0 0 0 100 100 36000
I 9716 5 3 8 7  18 2 19 3 0 0 0 0 100 100 36000
I 3092 4 0 0 0  18 1 0 0 0 0 0 0 94 94 36000
I 6504 0 2 6 3  0 0 0 0 0 0 0 0 100 100 36000
I 11345 750 0 -1 0  17 -7 2 -1 0 0 0 0 86 86 36000
I 4202 7 3 12 3  17 5 0 0 0 0 0 0 100 100 36000
I 10008 5 0 0 0  0 0 0 0 0 0 0 0 100 100 36000
I 7192 3 0 0 0  14 20 0 0 0 0 0 0 100 100 36000
I 2205 150 0 -1 0  17 -4 1 2 0 0 0 0 100 100 36000
I 2523 7 0 0 0  0 0 0 0 0 0 0 0 100 100 36000
I 18081 8 4 3 1  19 2 0 0 0 0 0 0 100 100 36000
I 18010 7 0 0 0  4 1 3 1 0 0 0 0 100 100 36000
I 18010 7 0 0 0  4 1 3 1 0 0 0 0 100 100 36000
I 1924 4 0 0 0  19 1 0 0 0 0 0 0 100 100 36000
I 1305 0 1 16 11  0 0 0 0 0 0 0 0 100 100 36000
I 1320 3 0 0 0  2 1 0 0 0 0 0 0 100 100 36000
I 5103 0 2 7 3  18 2 19 2 0 0 0 0 100 100 36000
I 10004 7 0 0 0  0 0 0 0 0 0 0 0 100 100 36000
I 2126 4 0 0 0  12 10 4 -1 0 0 0 0 100 100 36000
I 731 0 5 7 7  2 -2 1 -2 0 0 0 0 100 100 36000
I 631 8 0 0 0  12 20 1 1 0 0 0 0 100 100 36000
I 623 6 0 0 0  24 -1 13 20 0 0 0 0 100 100 36000
I 18423 5 0 0 0  4 -1 12 5 0 0 0 0 100 100 36000
I 5017 0 1 7 3  18 1 0 0 0 0 0 0 100 100 36000
I 2314 9 0 0 0  2 1 0 0 0 0 0 0 100 100 36000
I 5021 0 4 6 7  0 0 0 0 0 0 0 0 100 100 36000
I 9966 5 0 0 0  13 50 1 3 0 0 0 0 100 100 36000
I 6683 0 1 4 1  0 0 0 0 0 0 0 0 100 100 36000
I 11343 7 0 0 0  14 30 12 20 0 0 0 0 100 100 36000
I 9924 3 0 0 0  19 3 18 -1 0 0 0 0 100 100 36000
I 1305 0 1 16 11  0 0 0 0 0 0 0 0 90 100 36000
I 9710 12 0 0 0  18 -2 0 0 0 0 0 0 100 100 36000
I 716 0 3 5 3  0 0 0 0 0 0 0 0 100 100 36000
I 705 0 0 0 0  1 1 3 1 0 0 0 0 100 100 36000
I 18011 15 0 0 0  13 25 0 0 0 0 0 0 100 100 36000
I 1453 5 0 0 0  14 50 0 0 0 0 0 0 100 100 36000
I 4224 0 10 2 11  18 -4 17 10 0 0 0 0 100 100 36000
I 2147 6 0 0 0  14 10 18 3 0 0 0 0 100 100 36000
I 712 0 0 0 0  18 2 17 -9 0 0 0 0 100 100 36000
I 2209 8 5 5 3  18 2 19 3 0 0 0 0 100 100 36000
I 658 7 0 0 0  17 -3 18 1 0 0 0 0 100 100 36000
I 2519 9 0 0 0  0 0 0 0 0 0 0 0 100 100 36000
I 2159 6 0 0 0  19 1 0 0 0 0 0 0 100 100 36000
I 9925 8 0 0 0  19 1 1 1 0 0 0 0 100 100 36000
I 18060 3 0 0 0  14 10 0 0 0 0 0 0 100 100 36000
I 9708 8 0 0 0  1 1 2 2 0 0 0 0 83 95 36000
I 2209 8 5 5 3  18 2 19 3 0 0 0 0 100 100 36000
I 3046 6 0 0 0  0 0 0 0 0 0 0 0 99 99 36000
I 656 7 0 0 0  17 -3 18 1 0 0 0 0 100 100 36000
I 9524 0 4 5 11  0 0 0 0 0 0 0 0 100 100 36000
I 1326 0 0 0 0  17 -13 18 1 0 0 0 0 100 100 36000
I 18011 15 0 0 0  13 25 0 0 0 0 0 0 100 100 36000
I 2136 4 0 0 0  13 10 18 -1 0 0 0 0 100 100 36000
I 9997 7 0 0 0  4 2 5 2 0 0 0 0 99 99 36000
I 2205 150 0 -1 0  17 -4 1 2 0 0 0 0 100 100 36000
I 2220 1 1 100 0  0 0 0 0 0 0 0 0 100 100 36000
I 1302 7 0 0 0  18 2 12 20 0 0 0 0 100 100 36000
I 2132 1 5 5 7  0 0 0 0 0 0 0 0 100 100 36000
I 632 8 0 0 0  12 20 2 1 0 0 0 0 100 100 36000
I 2315 0 2 7 3  18 3 0 0 0 0 0 0 100 100 36000
I 17003 6 0 0 0  13 30 5 2 0 0 0 0 89 89 36000
I 2275 6 0 0 0  13 15 18 2 0 0 0 0 100 100 36000
I 3090 13 0 0 0  12 40 2 -2 0 0 0 0 100 100 36000
I 2158 0 0 0 0  18 1 19 2 0 0 0 0 100 100 36000
I 2134 0 0 0 0  12 40 0 0 0 0 0 0 100 100 36000
I 5021 0 4 6 7  0 0 0 0 0 0 0 0 100 100 36000
I 4201 11 0 0 0  12 40 1 -1 0 0 0 0 100 100 36000
I 5017 0 1 7 3  18 1 0 0 0 0 0 0 100 100 36000
I 6713 0 2 3 3  0 0 0 0 0 0 0 0 100 100 36000
I 18042 10 0 0 0  19 2 0 0 0 0 0 0 44 72 36000
I 2314 9 0 0 0  2 1 0 0 0 0 0 0 100 100 36000
I 647 7 5 5 1  18 1 19 3 0 0 0 0 100 100 36000
I 1453 5 0 0 0  14 50 0 0 0 0 0 0 100 100 36000
I 1908 0 4 4 7  18 2 19 2 0 0 0 0 100 100 36000
I 4206 5 0 0 0  12 30 19 2 0 0 0 0 90 90 36000
I 9708 8 0 0 0  1 1 2 2 0 0 0 0 91 91 36000
I 18065 0 4 4 3  0 0 0 0 0 0 0 0 100 100 36000
I 10015 0 4 5 3  18 3 19 2 0 0 0 0 100 100 36000
I 10006 10 0 0 0  0 0 0 0 0 0 0 0 100 100 36000
I 10015 0 4 5 3  18 3 19 2 0 0 0 0 100 100 36000
I 2222 9 0 0 0  1 1 0 0 0 0 0 0 100 100 36000
I 9708 8 0 0 0  1 1 2 2 0 0 0 0 62 86 36000
I 9714 0 4 4 11  18 3 19 1 0 0 0 0 100 100 36000
I 2136 4 0 0 0  13 10 18 -1 0 0 0 0 100 100 36000
I 7801 4 0 0 0  14 50 2 1 0 0 0 0 100 100 36000
I 632 8 0 0 0  12 20 2 1 0 0 0 0 100 100 36000
I 9717 4 0 0 0  18 1 19 2 0 0 0 0 100 100 36000
I 718 8 0 0 0  2 1 18 -2 0 0 0 0 100 100 36000
I 6671 0 4 2 3  18 1 0 0 0 0 0 0 100 100 36000
I 2009 11 0 0 0  2 2 1 1 0 0 0 0 100 100 36000
I 2010 5 0 0 0  3 1 12 35 0 0 0 0 100 100 36000
I 2136 4 0 0 0  13 10 18 -1 0 0 0 0 100 100 36000
I 622 6 0 0 0  24 -1 13 20 0 0 0 0 100 100 36000
I 9510 0 4 5 3  17 -5 19 3 0 0 0 0 91 100 36000
I 2123 0 0 0 0  18 1 19 1 0 0 0 0 100 100 36000
I 7922 2 0 0 0  18 1 0 0 0 0 0 0 100 100 36000
I 18043 5 0 0 0  19 1 0 0 0 0 0 0 100 100 36000
I 10010 0 0 0 0  17 -8 0 0 0 0 0 0 100 100 36000
I 6705 0 0 0 0  0 0 0 0 0 0 0 0 100 100 36000
I 9514 10 0 0 0  0 0 0 0 0 0 0 0 100 100 36000
I 731 0 5 7 7  2 -2 1 -2 0 0 0 0 100 100 36000
I 9711 6 0 0 0  4 2 9 -10 0 0 0 0 100 100 36000
I 1451 6 0 0 0  3 -1 0 0 0 0 0 0 100 100 36000
I 1451 6 0 0 0  3 -1 0 0 0 0 0 0 100 100 36000
I 625 6 0 0 0  24 -1 13 20 0 0 0 0 100 100 36000
I 2298 0 0 0 0  17 -4 1 5 0 0 0 0 100 100 36000
I 18039 0 3 5 11  18 1 19 1 0 0 0 0 100 100 36000
I 9523 9 0 0 0  17 -3 19 2 0 0 0 0 100 100 36000
I 2519 9 0 0 0  0 0 0 0 0 0 0 0 85 99 36000
I 9004 6 0 0 0  1 1 5 2 0 0 0 0 82 100 36000
I 6122 6 0 0 0  23 -2 0 0 0 0 0 0 100 100 36000
I 18041 15 0 0 0  1 1 5 1 0 0 0 0 100 100 36000
I 18091 0 5 3 6  0 0 0 0 0 0 0 0 100 100 36000
I 2121 5 0 0 0  13 5 0 0 0 0 0 0 100 100 36000
I 18081 8 4 3 1  19 2 0 0 0 0 0 0 100 100 36000
I 1452 6 0 0 0  4 -1 0 0 0 0 0 0 100 100 36000
I 4212 0 3 6 11  18 1 19 1 0 0 0 0 100 100 36000
I 1908 0 4 4 7  18 2 19 2 0 0 0 0 100 100 36000
I 1305 0 1 16 11  0 0 0 0 0 0 0 0 100 100 36000
I 5327 5 0 0 0  0 0 0 0 0 0 0 0 83 100 36000
I 9524 0 4 5 11  18 3 19 3 0 0 0 0 100 100 36000
I 712 0 0 0 0  18 2 17 -9 0 0 0 0 61 100 36000
I 1651 6 0 0 0  14 25 0 0 0 0 0 0 100 100 36000
I 632 8 0 0 0  12 20 2 1 0 0 0 0 100 100 36000
I 2126 4 0 0 0  12 10 4 -1 0 0 0 0 99 99 36000
I 619 2 0 0 0  0 0 0 0 0 0 0 0 100 100 36000
I 2304 9 0 0 0  0 0 0 0 0 0 0 0 100 100 36000
I 10010 0 0 0 0  17 -8 0 0 0 0 0 0 100 100 36000
I 5330 0 0 0 0  4 2 0 0 0 0 0 0 100 100 36000
I 18301 0 2 7 11  24 -2 0 0 0 0 0 0 100 100 36000
I 626 6 0 0 0  24 -1 13 20 0 0 0 0 100 100 36000
I 4201 11 0 0 0  12 40 1 -1 0 0 0 0 100 100 36000
I 2276 9 0 0 0  1 1 13 10 0 0 0 0 100 100 36000
I 1453 5 0 0 0  14 50 0 0 0 0 0 0 100 100 36000
I 6727 7 0 0 0  18 1 19 2 0 0 0 0 100 100 36000
I 2804 6 0 0 0  2 1 19 2 0 0 0 0 100 100 36000
I 1320 3 0 0 0  2 1 0 0 0 0 0 0 100 100 36000
I 2802 3 0 0 0  18 -1 19 3 0 0 0 0 100 100 36000
I 1453 5 0 0 0  14 50 0 0 0 0 0 0 100 100 36000
I 616 7 0 0 0  0 0 0 0 0 0 0 0 100 100 36000
I 3046 6 0 0 0  0 0 0 0 0 0 0 0 100 100 36000
I 18088 8 0 0 0  0 0 0 0 0 0 0 0 100 100 36000
I 18019 500 0 0 0  0 0 0 0 0 0 0 0 100 100 36000
I 18081 8 4 3 1  19 2 0 0 0 0 0 0 100 100 36000
I 4215 7 0 0 0  14 40 1 -1 0 0 0 0 98 98 36000
I 2507 5 0 0 0  0 0 0 0 0 0 0 0 100 100 36000
I 715 0 3 8 3  18 -2 0 0 0 0 0 0 100 100 36000
I 1305 0 1 16 11  0 0 0 0 0 0 0 0 100 100 36000
I 2120 0 4 3 11  18 3 19 3 0 0 0 0 52 100 36000
I 2305 9 0 0 0  0 0 0 0 0 0 0 0 100 100 36000
I 9710 12 0 0 0  18 -2 0 0 0 0 0 0 99 99 36000
I 2801 3 0 0 0  18 -2 19 1 0 0 0 0 100 100 36000
I 2147 6 0 0 0  14 10 18 3 0 0 0 0 100 100 36000
I 2147 6 0 0 0  14 10 18 3 0 0 0 0 100 100 36000
I 5221 0 1 15 3  18 -2 19 3 0 0 0 0 100 100 36000
I 637 8 0 0 0  12 20 17 -3 0 0 0 0 100 100 36000
I 715 0 3 8 3  18 -2 0 0 0 0 0 0 100 100 36000
I 429 2 0 0 0  1 2 0 0 0 0 0 0 82 99 36000
I 2524 9 0 0 0  0 0 0 0 0 0 0 0 100 100 36000
I 7922 2 0 0 0  18 1 0 0 0 0 0 0 88 100 36000
I 9805 0 0 -1 0  18 2 19 2 0 0 0 0 100 100 36000
I 10010 0 0 0 0  17 -8 0 0 0 0 0 0 55 73 36000
I 9706 0 0 0 0  17 -12 19 1 0 0 0 0 98 98 36000
I 10011 0 0 0 0  17 -7 0 0 0 0 0 0 100 100 36000
I 2139 0 0 90 0  0 0 0 0 0 0 0 0 100 100 36000
I 2123 0 0 0 0  18 1 19 1 0 0 0 0 46 99 36000
I 9805 0 0 -1 0  18 2 19 2 0 0 0 0 100 100 36000
I 9522 13 0 0 0  24 -5 23 -5 0 0 0 0 63 93 36000
I 2121 5 0 0 0  13 5 0 0 0 0 0 0 100 100 36000
I 9930 7 0 0 0  13 50 12 50 0 0 0 0 100 100 36000
I 18008 15 0 0 0  23 -3 0 0 0 0 0 0 99 99 36000
I 657 7 0 0 0  17 -3 18 1 0 0 0 0 100 100 36000
I 3046 6 0 0 0  0 0 0 0 0 0 0 0 100 100 36000
I 2260 0 3 5 3  3 1 4 1 0 0 0 0 100 100 36000
I 9713 0 0 0 0  17 6 13 -30 0 0 0 0 100 100 36000
I 2139 0 0 0 0  0 0 0 0 0 0 0 0 64 100 36000
I 2147 6 0 0 0  14 10 18 3 0 0 0 0 100 100 36000
I 18019 500 0 0 0  0 0 0 0 0 0 0 0 100 100 36000
I 7802 0 3 3 3  18 1 0 0 0 0 0 0 100 100 36000
I 9713 0 0 0 0  17 6 13 -30 0 0 0 0 100 100 36000
I 2315 0 2 7 3  18 3 0 0 0 0 0 0 100 100 36000
I 432 0 2 8 3  0 0 0 0 0 0 0 0 100 100 36000
I 712 0 0 0 0  18 2 17 -9 0 0 0 0 87 100 36000
I 2276 9 0 0 0  1 1 13 10 0 0 0 0 100 100 36000
I 2002 9 0 0 0  2 -1 31 5 0 0 0 0 100 100 36000
I 2802 3 0 0 0  18 -1 19 3 0 0 0 0 100 100 36000
I 430 7 0 0 0  0 0 0 0 0 0 0 0 100 100 36000
I 615 0 3 3 11  0 0 0 0 0 0 0 0 100 100 36000
I 404 0 12 1 11  18 2 0 0 0 0 0 0 100 100 36000
I 2002 9 0 0 0  2 -1 31 5 0 0 0 0 100 100 36000
I 2010 5 0 0 0  3 1 12 35 0 0 0 0 100 100 36000
I 2150 0 2 9 3  18 2 19 2 0 0 0 0 100 100 36000
I 624 6 0 0 0  24 -1 13 20 0 0 0 0 93 93 36000
I 2133 8 0 0 0  2 2 17 -4 0 0 0 0 100 100 36000
I 7212 7 2 8 3  19 3 0 0 0 0 0 0 100 100 36000
I 5106 0 3 6 3  1 -1 3 -1 0 0 0 0 100 100 36000
I 432 0 2 8 3  0 0 0 0 0 0 0 0 100 100 36000
I 634 8 0 0 0  12 20 4 1 0 0 0 0 100 100 36000
I 2513 7 0 0 0  0 0 0 0 0 0 0 0 100 100 36000
I 2303 9 0 0 0  0 0 0 0 0 0 0 0 100 100 36000
I 2319 0 0 -1 0  18 1 19 1 0 0 0 0 100 100 36000
I 618 2 0 0 0  0 0 0 0 0 0 0 0 100 100 36000
I 4213 9 0 0 0  1 1 0 0 0 0 0 0 100 100 36000
I 1706 0 3 4 7  18 2 19 2 0 0 0 0 38 100 36000
I 7224 0 0 0 0  17 -10 19 3 0 0 0 0 50 60 36000
I 6114 1 0 0 0  0 0 0 0 0 0 0 0 100 100 36000
I 7203 0 0 0 0  24 1 17 -10 0 0 0 0 3 99 36000
I 2315 0 2 7 3  18 3 0 0 0 0 0 0 100 100 36000
I 2130 4 0 0 0  18 2 19 1 0 0 0 0 100 100 35938
I 9523 9 0 0 0  17 -3 19 2 0 0 0 0 70 100 36000
I 616 7 0 0 0  0 0 0 0 0 0 0 0 100 100 36000
I 626 6 0 0 0  24 -1 13 20 0 0 0 0 100 100 36000
I 4217 8 0 0 0  23 -5 0 0 0 0 0 0 100 100 36000
I 18418 7 0 0 0  5 2 0 0 0 0 0 0 81 100 36000
I 615 0 3 3 11  0 0 0 0 0 0 0 0 100 100 36000
I 2801 3 0 0 0  18 -2 19 1 0 0 0 0 100 100 36000
I 9914 13 0 0 0  19 3 18 -1 0 0 0 0 100 100 36000
I 5105 0 2 8 3  18 2 19 2 0 0 0 0 100 100 36000
I 5324 5 0 0 0  0 0 0 0 0 0 0 0 65 65 36000
I 428 0 2 5 3  18 10 0 0 0 0 0 0 100 100 36000
I 622 6 0 0 0  24 -1 13 20 0 0 0 0 100 100 36000
I 1320 3 0 0 0  2 1 0 0 0 0 0 0 100 100 36000
I 711 0 0 0 0  12 25 19 -1 0 0 0 0 78 78 36000
I 9004 6 0 0 0  1 1 5 2 0 0 0 0 64 64 36000
I 5114 0 0 0 0  9 -15 17 -2 0 0 0 0 100 100 36000
I 2142 13 0 0 0  0 0 0 0 0 0 0 0 100 100 36000
I 4218 9 0 0 0  18 -2 1 -1 0 0 0 0 100 100 36000
I 9003 6 0 0 0  4 3 17 -2 0 0 0 0 100 100 36000
I 18089 1 0 0 0  0 0 0 0 0 0 0 0 100 100 36000
I 9709 11 0 0 0  17 -2 2 -2 0 0 0 0 100 100 36000
I 2142 13 0 0 0  0 0 0 0 0 0 0 0 100 100 36000
I 9529 5 0 0 0  12 10 19 3 0 0 0 0 100 100 36000
I 5112 0 0 0 0  13 20 12 10 0 0 0 0 100 100 36000
I 9003 6 0 0 0  4 3 17 -2 0 0 0 0 47 90 36000
I 432 0 2 8 3  0 0 0 0 0 0 0 0 100 100 36000
I 5329 5 0 0 0  0 0 0 0 0 0 0 0 65 65 36000
I 638 8 0 0 0  12 20 19 1 0 0 0 0 100 100 36000
I 653 0 5 6 2  18 5 19 -1 0 0 0 0 100 100 36000
I 2307 9 0 0 0  23 -2 24 -2 0 0 0 0 100 100 36000
I 9807 8 0 0 0  18 -1 19 2 0 0 0 0 100 100 36000
I 6671 0 4 2 3  18 1 0 0 0 0 0 0 100 100 36000
I 6123 6 0 0 0  0 0 0 0 0 0 0 0 2 99 36000
I 2260 0 3 5 3  3 1 4 1 0 0 0 0 100 100 36000
I 4220 1 0 0 0  12 1 13 1 0 0 0 0 100 100 36000
I 2275 6 0 0 0  13 15 18 2 0 0 0 0 100 100 36000
I 11391 50 0 -1 0  17 -8 24 -2 0 0 0 0 100 100 36000
I 2134 0 0 0 0  12 40 0 0 0 0 0 0 100 100 36000
I 4213 9 0 0 0  1 1 0 0 0 0 0 0 100 100 36000
I 9518 3 4 5 3  18 2 19 2 0 0 0 0 96 100 36000
I 9002 6 0 0 0  3 3 17 -2 0 0 0 0 89 89 36000
I 635 8 0 0 0  12 20 5 1 0 0 0 0 100 100 36000
I 9717 4 0 0 0  18 1 19 2 0 0 0 0 99 99 36000
I 9806 5 0 0 0  19 2 25 2 0 0 0 0 55 82 36000
I 1455 169 0 0 0  0 0 0 0 0 0 0 0 100 100 36000
I 661 7 0 0 0  17 -3 18 1 0 0 0 0 54 75 36000
I 4213 9 0 0 0  1 1 0 0 0 0 0 0 100 100 36000
I 6512 3 0 0 0  1 1 2 1 0 0 0 0 41 100 36000
I 1450 2 0 0 0  19 3 0 0 0 0 0 0 100 100 36000
I 1450 2 0 0 0  19 3 0 0 0 0 0 0 100 100 36000
I 2207 0 0 0 0  12 15 18 -1 0 0 0 0 100 100 36000
I 2275 6 0 0 0  13 15 18 2 0 0 0 0 100 100 36000
I 657 7 0 0 0  17 -3 18 1 0 0 0 0 100 100 36000
I 2155 3 0 0 0  18 2 19 2 0 0 0 0 100 100 36000
I 1509 7 0 0 0  18 2 0 0 0 0 0 0 100 100 36000
I 2124 0 2 8 3  18 2 19 2 0 0 0 0 100 100 36000
I 1706 0 3 4 7  18 2 19 2 0 0 0 0 100 100 36000
I 9716 5 3 8 7  18 2 19 3 0 0 0 0 99 100 36000
I 9716 5 3 8 7  18 2 19 3 0 0 0 0 99 99 36000
I 731 0 5 7 7  2 -2 1 -2 0 0 0 0 100 100 36000
I 700 0 0 0 0  13 30 2 1 0 0 0 0 97 97 36000
I 406 0 8 2 2  18 -4 19 4 0 0 0 0 100 100 36000
I 1924 4 0 0 0  19 1 0 0 0 0 0 0 100 100 36000
I 2126 4 0 0 0  12 10 4 -1 0 0 0 0 99 99 36000
I 1302 7 0 0 0  18 2 12 20 0 0 0 0 100 100 36000
I 2509 9 0 0 0  0 0 0 0 0 0 0 0 100 100 36000
I 9904 1000 0 0 0  0 0 0 0 0 0 0 0 100 100 36000
I 18414 8 3 9 11  18 3 19 3 0 0 0 0 99 99 36000
I 18222 10 0 0 0  14 120 19 2 0 0 0 0 100 100 36000
I 430 7 0 0 0  0 0 0 0 0 0 0 0 100 100 36000
I 2136 4 0 0 0  13 10 18 -1 0 0 0 0 100 100 36000
I 11314 0 3 6 7  18 2 1 1 0 0 0 0 100 100 36000
I 18605 0 1 12 3  18 5 0 0 0 0 0 0 100 100 36000
I 714 10 0 0 0  3 1 24 -5 0 0 0 0 96 96 36000
I 1909 0 2 10 7  0 0 0 0 0 0 0 0 100 100 36000
I 2318 9 0 0 0  18 1 19 1 0 0 0 0 100 100 36000
I 2801 3 0 0 0  18 -2 19 1 0 0 0 0 100 100 36000
I 18041 15 0 0 0  1 1 5 1 0 0 0 0 100 100 36000
I 432 0 2 8 3  0 0 0 0 0 0 0 0 100 100 36000
I 406 0 8 2 2  18 -4 19 4 0 0 0 0 100 100 36000
I 5325 5 0 0 0  0 0 0 0 0 0 0 0 65 65 36000
I 1652 4 0 0 0  19 2 24 5 0 0 0 0 100 100 36000
I 404 0 12 1 11  18 2 0 0 0 0 0 0 100 100 36000
I 406 0 8 2 2  18 -4 19 4 0 0 0 0 100 100 36000
I 1907 0 3 5 7  19 1 18 1 0 0 0 0 100 100 36000
I 9003 6 0 0 0  4 3 17 -2 0 0 0 0 98 98 36000
I 2286 0 3 5 7  0 0 0 0 0 0 0 0 100 100 36000
I 9002 6 0 0 0  3 3 17 -2 0 0 0 0 100 100 36000
I 404 0 12 1 11  18 2 0 0 0 0 0 0 100 100 36000
I 2124 0 2 8 3  18 2 19 2 0 0 0 0 100 100 36000
I 1350 6 6 100 0  0 0 0 0 0 0 0 0 100 100 36000
I 4219 3 0 0 0  5 3 14 -100 0 0 0 0 98 98 36000
I 10001 5 0 0 0  1 1 18 1 0 0 0 0 100 100 36000
I 1908 0 4 4 7  18 2 19 2 0 0 0 0 100 100 36000
I 1909 0 2 10 7  0 0 0 0 0 0 0 0 100 100 36000
I 2124 0 2 8 3  18 2 19 2 0 0 0 0 100 100 36000
I 1452 6 0 0 0  4 -1 0 0 0 0 0 0 100 100 36000
I 1911 6 0 0 0  2 2 0 0 0 0 0 0 75 75 36000
I 6671 0 4 2 3  18 1 0 0 0 0 0 0 100 100 36000
I 3085 6 0 0 0  0 0 0 0 0 0 0 0 76 99 36000
I 617 2 0 0 0  0 0 0 0 0 0 0 0 100 100 36000
I 20015 0 4 5 11  0 0 0 0 0 0 0 0 99 99 36000
I 6122 6 0 0 0  23 -2 0 0 0 0 0 0 100 100 36000
I 4206 5 0 0 0  12 30 19 2 0 0 0 0 100 100 36000
I 2123 0 0 0 0  18 1 19 1 0 0 0 0 61 99 36000
I 10005 10 0 0 0  0 0 0 0 0 0 0 0 78 100 36000
I 4216 4 0 0 0  18 -2 19 2 0 0 0 0 99 99 36000
I 731 0 5 7 7  2 -2 1 -2 0 0 0 0 100 100 36000
I 5106 0 3 6 3  1 -1 3 -1 0 0 0 0 100 100 36000
I 5106 0 3 6 3  1 -1 3 -1 0 0 0 0 100 100 36000
I 7201 0 1 6 7  19 2 0 0 0 0 0 0 100 100 36000
I 2123 0 0 0 0  18 1 19 1 0 0 0 0 98 98 36000
I 2129 3 0 0 0  14 25 2 2 0 0 0 0 100 100 36000
I 2553 100 5 -1 0  0 0 0 0 0 0 0 0 100 100 36000
I 2320 0 0 0 0  17 -9 0 0 0 0 0 0 100 100 36000
I 6124 8 3 6 3  18 2 19 2 0 0 0 0 100 100 36000
I 5327 5 0 0 0  0 0 0 0 0 0 0 0 65 65 36000
I 617 2 0 0 0  0 0 0 0 0 0 0 0 100 100 36000
I 2016 0 3 6 3  18 1 0 0 0 0 0 0 100 100 36000
I 2301 0 5 4 3  18 2 23 -1 0 0 0 0 100 100 36000
I 3069 1 1 0 0  18 1 5 1 0 0 0 0 66 99 36000
I 2261 4 0 0 0  12 25 25 1 0 0 0 0 99 99 36000
I 2129 3 0 0 0  14 25 2 2 0 0 0 0 100 100 36000
I 701 4 0 0 0  1 1 18 1 0 0 0 0 100 100 36000
I 11335 10 0 0 0  3 1 4 1 0 0 0 0 17 72 36000
I 429 2 0 0 0  1 2 0 0 0 0 0 0 85 96 36000
I 1706 0 3 4 7  18 2 19 2 0 0 0 0 100 100 36000
I 2553 100 5 -1 0  0 0 0 0 0 0 0 0 100 100 36000
I 3046 6 0 0 0  0 0 0 0 0 0 0 0 100 100 36000
I 9805 0 0 -1 0  18 2 19 2 0 0 0 0 100 100 36000
I 18423 5 0 0 0  4 -1 12 5 0 0 0 0 100 100 36000
I 9701 0 2 6 2  0 0 0 0 0 0 0 0 100 100 36000
I 617 2 0 0 0  0 0 0 0 0 0 0 0 100 100 36000
I 2320 0 0 0 0  17 -9 0 0 0 0 0 0 100 100 36000
I 653 0 5 6 2  18 5 19 -1 0 0 0 0 100 100 36000
I 2009 11 0 0 0  2 2 1 1 0 0 0 0 100 100 36000
I 9709 11 0 0 0  17 -2 2 -2 0 0 0 0 100 100 36000
I 18414 8 3 9 11  18 3 19 3 0 0 0 0 99 99 36000
I 2202 0 4 5 11  2 2 19 2 0 0 0 0 70 100 36000
I 18305 8 0 0 0  4 1 12 30 0 0 0 0 82 82 36000
I 618 2 0 0 0  0 0 0 0 0 0 0 0 100 100 36000
I 9002 6 0 0 0  3 3 17 -2 0 0 0 0 100 100 36000
I 14604 7 0 0 0  0 0 0 0 0 0 0 0 100 100 36000
I 9712 5 0 0 0  17 -3 13 5 0 0 0 0 100 100 36000
I 4210 0 0 0 0  17 -10 0 0 0 0 0 0 100 100 36000
I 9516 1 2 8 7  0 0 0 0 0 0 0 0 100 100 36000
I 18414 8 3 9 11  18 3 19 3 0 0 0 0 100 100 36000
I 617 2 0 0 0  0 0 0 0 0 0 0 0 100 100 36000
I 9714 0 4 4 11  18 3 19 1 0 0 0 0 100 100 36000
I 2134 0 0 0 0  12 40 0 0 0 0 0 0 100 100 36000
I 6512 3 0 0 0  1 1 2 1 0 0 0 0 100 100 36000
I 18081 8 4 3 1  19 2 0 0 0 0 0 0 100 100 36000
I 18036 5 0 0 0  0 0 0 0 0 0 0 0 100 100 36000
I 11385 0 4 7 7  19 2 17 -3 0 0 0 0 100 100 36000
I 18419 8 5 6 3  1 3 18 3 0 0 0 0 100 100 36000
I 413 0 0 0 0  18 1 0 0 0 0 0 0 100 100 36000
I 7200 0 2 6 3  18 2 1 -1 0 0 0 0 100 100 36000
I 1708 1 1 0 0  17 -5 0 0 0 0 0 0 100 100 36000
I 1507 4 0 0 0  0 0 0 0 0 0 0 0 100 100 36000
I 653 0 5 6 2  18 5 19 -1 0 0 0 0 100 100 36000
I 2301 0 5 4 3  18 2 23 -1 0 0 0 0 100 100 36000
I 18005 150 0 0 0  23 -3 0 0 0 0 0 0 100 100 36000
I 2308 8 0 0 0  19 1 4 -2 0 0 0 0 100 100 36000
I 1504 0 3 3 3  0 0 0 0 0 0 0 0 100 100 36000
I 2158 0 0 0 0  18 1 19 2 0 0 0 0 100 100 36000
I 1309 2 0 0 0  19 2 0 0 0 0 0 0 100 100 36000
I 2321 11 0 0 0  12 5 2 -2 0 0 0 0 100 100 36000
I 4220 1 0 0 0  12 1 13 1 0 0 0 0 84 84 36000
I 14603 4 0 0 0  18 1 0 0 0 0 0 0 100 100 36000
I 2803 5 0 0 0  3 1 19 2 0 0 0 0 100 100 36000
I 1708 1 1 0 0  17 -5 0 0 0 0 0 0 100 100 36000
I 18014 0 5 5 6  18 3 19 3 0 0 0 0 100 100 36000
I 430 7 0 0 0  0 0 0 0 0 0 0 0 100 100 36000
I 10010 0 0 0 0  17 -8 0 0 0 0 0 0 85 100 36000
I 6114 1 0 0 0  0 0 0 0 0 0 0 0 100 100 36000
I 2010 5 0 0 0  3 1 12 35 0 0 0 0 100 100 36000
I 5327 5 0 0 0  0 0 0 0 0 0 0 0 100 100 36000
I 404 0 12 1 11  18 2 0 0 0 0 0 0 100 100 36000
I 6713 0 2 3 3  0 0 0 0 0 0 0 0 100 100 36000
I 18083 0 5 5 6  18 3 19 3 0 0 0 0 99 99 36000
I 4206 5 0 0 0  12 30 19 2 0 0 0 0 95 95 36000
I 616 7 0 0 0  0 0 0 0 0 0 0 0 100 100 36000
I 18046 10 0 0 0  24 -3 0 0 0 0 0 0 100 100 36000
I 1651 6 0 0 0  14 25 0 0 0 0 0 0 100 100 36000
I 616 7 0 0 0  0 0 0 0 0 0 0 0 100 100 36000
I 18079 9 0 0 0  17 -2 0 0 0 0 0 0 58 96 36000
I 437 0 1 6 3  19 4 0 0 0 0 0 0 100 100 36000
I 438 4 0 0 0  12 10 0 0 0 0 0 0 100 100 36000
I 18417 6 0 0 0  2 1 0 0 0 0 0 0 100 100 36000
I 11341 9 0 0 0  19 1 12 25 0 0 0 0 100 100 36000
I 2305 9 0 0 0  0 0 0 0 0 0 0 0 100 100 36000
I 9915 1 0 0 0  12 30 4 -2 0 0 0 0 100 100 36000
I 5328 5 0 0 0  0 0 0 0 0 0 0 0 65 65 36000
I 2151 5 0 0 0  13 1 0 0 0 0 0 0 100 100 36000
I 6713 0 2 3 3  0 0 0 0 0 0 0 0 100 100 36000
I 2509 9 0 0 0  0 0 0 0 0 0 0 0 81 100 36000
I 6124 8 3 6 3  18 2 19 2 0 0 0 0 100 100 36000
I 6121 6 0 0 0  0 0 0 0 0 0 0 0 100 100 36000
I 7224 0 0 0 0  17 -10 19 3 0 0 0 0 91 91 36000
I 1651 6 0 0 0  14 25 0 0 0 0 0 0 100 100 36000
I 10007 10 0 0 0  0 0 0 0 0 0 0 0 100 100 36000
I 3070 6 0 0 0  0 0 0 0 0 0 0 0 79 99 36000
I 4217 8 0 0 0  23 -5 0 0 0 0 0 0 100 100 36000
I 18303 9 0 0 0  0 0 0 0 0 0 0 0 100 100 36000
I 5113 0 4 6 11  18 2 19 2 0 0 0 0 100 100 36000
I 1309 2 0 0 0  19 2 0 0 0 0 0 0 100 100 36000
I 1451 6 0 0 0  3 -1 0 0 0 0 0 0 100 100 36000
I 6685 7 0 0 0  19 1 0 0 0 0 0 0 100 100 36000
I 427 2 4 3 3  17 -8 0 0 0 0 0 0 100 100 36000
I 1452 6 0 0 0  4 -1 0 0 0 0 0 0 100 100 36000
I 7203 0 0 0 0  24 1 17 -10 0 0 0 0 89 100 36000
I 4212 0 3 6 11  18 1 19 1 0 0 0 0 100 100 36000
I 4224 0 10 2 11  18 -4 17 10 0 0 0 0 100 100 36000
I 619 2 0 0 0  0 0 0 0 0 0 0 0 100 100 36000
I 7203 0 0 0 0  24 1 17 -10 0 0 0 0 40 100 36000
I 18014 0 5 5 6  18 3 19 3 0 0 0 0 100 100 36000
I 18088 8 0 0 0  0 0 0 0 0 0 0 0 56 98 36000
I 18418 7 0 0 0  5 2 0 0 0 0 0 0 100 100 36000
I 6120 6 0 0 0  0 0 0 0 0 0 0 0 100 100 36000
I 10008 5 0 0 0  0 0 0 0 0 0 0 0 100 100 36000
I 18083 0 5 5 6  0 0 0 0 0 0 0 0 100 100 36000
I 619 2 0 0 0  0 0 0 0 0 0 0 0 100 100 36000
I 1902 0 2 6 11  10 -1 18 1 0 0 0 0 100 100 36000
I 623 6 0 0 0  24 -1 13 20 0 0 0 0 91 91 36000
I 5016 0 2 8 3  18 2 0 0 0 0 0 0 100 100 36000
I 2298 0 0 0 0  17 -4 1 5 0 0 0 0 100 100 36000
I 1909 0 2 10 7  0 0 0 0 0 0 0 0 100 100 36000
I 5320 5 0 0 0  0 0 0 0 0 0 0 0 55 65 36000
I 7802 0 3 3 3  18 1 0 0 0 0 0 0 100 100 36000
I 6646 0 1 7 3  0 0 0 0 0 0 0 0 100 100 36000
I 18421 9 0 0 0  3 -3 14 20 0 0 0 0 100 100 36000
I 10006 10 0 0 0  0 0 0 0 0 0 0 0 100 100 36000
I 9966 5 0 0 0  13 50 1 3 0 0 0 0 100 100 36000
I 4203 10 0 0 0  0 0 0 0 0 0 0 0 91 91 36000
I 2320 0 0 0 0  17 -9 0 0 0 0 0 0 100 100 36000
I 9720 0 0 0 0  12 35 3 3 0 0 0 0 84 100 36000
I 9918 0 7 4 3  12 70 18 -2 0 0 0 0 100 100 36000
I 18045 0 5 5 3  18 2 19 2 0 0 0 0 59 59 36000
I 2304 9 0 0 0  0 0 0 0 0 0 0 0 100 100 36000
I 616 7 0 0 0  0 0 0 0 0 0 0 0 100 100 36000
I 2305 9 0 0 0  0 0 0 0 0 0 0 0 100 100 36000
I 5025 8 0 0 0  0 0 0 0 0 0 0 0 63 86 36000
I 1309 2 0 0 0  19 2 0 0 0 0 0 0 100 100 36000
I 7922 2 0 0 0  18 1 0 0 0 0 0 0 100 100 36000
I 2303 9 0 0 0  0 0 0 0 0 0 0 0 100 100 36000
I 2209 8 5 5 3  18 2 19 3 0 0 0 0 100 100 36000
I 18010 7 0 0 0  4 1 3 1 0 0 0 0 100 100 36000
I 719 8 0 0 0  1 2 19 -1 0 0 0 0 100 100 36000
I 2016 0 3 6 3  18 1 0 0 0 0 0 0 100 100 36000
I 2303 9 0 0 0  0 0 0 0 0 0 0 0 100 100 36000
I 5017 0 1 7 3  18 1 0 0 0 0 0 0 100 100 36000
I 2318 9 0 0 0  18 1 19 1 0 0 0 0 100 100 36000
I 1907 0 3 5 7  19 1 18 1 0 0 0 0 47 98 36000
I 4210 0 0 0 0  17 -10 0 0 0 0 0 0 68 99 36000
I 18225 8 0 0 0  3 1 12 50 0 0 0 0 100 100 36000
I 18419 8 5 6 3  1 3 18 3 0 0 0 0 99 99 36000
I 5330 0 0 0 0  4 2 0 0 0 0 0 0 65 65 36000
I 712 0 0 0 0  18 2 17 -9 0 0 0 0 47 100 36000
I 2149 4 0 0 0  2 2 18 2 0 0 0 0 100 100 36000
I 5207 5 0 0 0  18 -1 19 2 0 0 0 0 100 100 36000
I 2129 3 0 0 0  14 25 2 2 0 0 0 0 36 99 36000
I 18010 7 0 0 0  4 1 3 1 0 0 0 0 100 100 36000
I 11343 7 0 0 0  14 30 12 20 0 0 0 0 100 100 36000
I 647 7 5 5 1  18 1 19 3 0 0 0 0 100 100 36000
I 6114 1 0 0 0  0 0 0 0 0 0 0 0 100 100 36000
I 1708 1 1 0 0  17 -5 0 0 0 0 0 0 100 100 36000
I 18009 0 5 5 11  18 3 19 3 0 0 0 0 100 100 36000
I 2016 0 3 6 3  18 1 0 0 0 0 0 0 100 100 36000
I 620 6 0 0 0  24 -3 13 25 0 0 0 0 100 100 35822
I 714 10 0 0 0  3 1 24 -5 0 0 0 0 100 100 36000
I 6671 0 4 2 3  18 1 0 0 0 0 0 0 100 100 36000
I 701 4 0 0 0  1 1 18 1 0 0 0 0 100 100 36000
I 3428 2 3 7 3  18 3 19 3 0 0 0 0 100 100 35821
I 719 8 0 0 0  1 2 19 -1 0 0 0 0 100 100 36000
I 5017 0 1 7 3  18 1 0 0 0 0 0 0 100 100 36000
I 2016 0 3 6 3  18 1 0 0 0 0 0 0 100 100 36000
I 18439 3 0 0 0  4 3 13 10 0 0 0 0 100 100 36000
I 1907 0 3 5 7  19 1 18 1 0 0 0 0 100 100 36000
I 1450 2 0 0 0  19 3 0 0 0 0 0 0 100 100 36000
I 5108 5 0 0 0  18 1 19 1 0 0 0 0 32 32 36000
I 719 8 0 0 0  1 2 19 -1 0 0 0 0 100 100 36000
I 2315 0 2 7 3  18 3 0 0 0 0 0 0 100 100 36000
I 636 8 0 0 0  12 20 18 1 0 0 0 0 72 100 36000
I 2275 6 0 0 0  13 15 18 2 0 0 0 0 100 100 36000
I 18014 0 5 5 6  18 3 19 3 0 0 0 0 100 100 36000
I 2010 5 0 0 0  3 1 12 35 0 0 0 0 100 100 36000
I 4219 3 0 0 0  5 3 14 -100 0 0 0 0 100 100 36000
I 18013 10 0 0 0  0 0 0 0 0 0 0 0 100 100 36000
I 2126 4 0 0 0  12 10 4 -1 0 0 0 0 100 100 36000
I 2308 8 0 0 0  19 1 4 -2 0 0 0 0 100 100 36000
I 5323 5 0 0 0  0 0 0 0 0 0 0 0 65 65 36000
I 11356 0 0 0 0  12 -100 14 -82 0 0 0 0 100 100 36000
I 3092 4 0 0 0  18 1 0 0 0 0 0 0 92 98 36000
I 6123 6 0 0 0  0 0 0 0 0 0 0 0 100 100 36000
I 5025 8 0 0 0  0 0 0 0 0 0 0 0 25 25 36000
I 18005 150 0 0 0  23 -3 0 0 0 0 0 0 97 97 36000
I 2504 9 0 0 0  0 0 0 0 0 0 0 0 84 100 36000
I 2213 1 0 0 0  4 2 0 0 0 0 0 0 85 85 36000
I 628 6 0 0 0  24 -1 13 20 0 0 0 0 100 100 36000
I 9710 12 0 0 0  18 -2 0 0 0 0 0 0 100 100 36000
I 1450 2 0 0 0  19 3 0 0 0 0 0 0 100 100 36000
I 7217 7 0 0 0  0 0 0 0 0 0 0 0 100 100 36000
I 18014 0 5 5 6  18 3 19 3 0 0 0 0 100 100 36000
I 636 8 0 0 0  12 20 18 1 0 0 0 0 100 100 36000
I 18047 8 0 0 0  0 0 0 0 0 0 0 0 100 100 36000
I 4206 5 0 0 0  12 30 19 2 0 0 0 0 99 99 36000
I 5330 0 0 0 0  4 2 0 0 0 0 0 0 65 65 36000
I 636 8 0 0 0  12 20 18 1 0 0 0 0 100 100 36000
I 2502 5 0 0 0  0 0 0 0 0 0 0 0 100 100 36000
I 10010 0 0 0 0  17 -8 0 0 0 0 0 0 100 100 36000
I 2307 9 0 0 0  23 -2 24 -2 0 0 0 0 100 100 36000
I 666 0 2 3 7  18 3 19 -3 0 0 0 0 100 100 36000
I 10006 10 0 0 0  0 0 0 0 0 0 0 0 77 100 36000
I 2320 0 0 0 0  17 -9 0 0 0 0 0 0 100 100 36000
I 4210 0 0 0 0  17 -10 0 0 0 0 0 0 69 98 36000
I 656 7 0 0 0  17 -3 18 1 0 0 0 0 100 100 36000
I 18017 10 0 0 0  25 -5 23 -5 0 0 0 0 100 100 36000
I 2804 6 0 0 0  2 1 19 2 0 0 0 0 99 99 36000
I 6112 4 0 0 0  0 0 0 0 0 0 0 0 100 100 36000
I 18304 7 0 0 0  2 2 4 -1 0 0 0 0 100 100 36000
I 2524 9 0 0 0  0 0 0 0 0 0 0 0 100 100 36000
I 1331 5 0 0 0  12 45 0 0 0 0 0 0 100 100 36000
I 17002 0 0 0 0  23 -5 19 2 0 0 0 0 100 100 36000
I 1707 0 2 5 7  18 2 19 2 0 0 0 0 100 100 36000
I 18425 8 5 5 2  19 3 18 2 0 0 0 0 100 100 36000
I 14603 4 0 0 0  18 1 0 0 0 0 0 0 98 98 36000
I 10007 10 0 0 0  0 0 0 0 0 0 0 0 13 99 36000
I 428 0 2 5 3  18 10 0 0 0 0 0 0 100 100 36000
I 2144 9 0 0 0  18 1 19 2 0 0 0 0 100 100 36000
I 9003 6 0 0 0  4 3 17 -2 0 0 0 0 84 84 36000
I 1504 0 3 3 3  0 0 0 0 0 0 0 0 100 100 36000
I 2308 8 0 0 0  19 1 4 -2 0 0 0 0 9 92 36000
I 2012 8 0 0 0  23 3 31 5 0 0 0 0 43 57 36000
I 1509 7 0 0 0  18 2 0 0 0 0 0 0 100 100 36000
I 2522 5 0 0 0  0 0 0 0 0 0 0 0 100 100 36000
I 11383 0 0 0 0  17 -13 24 -3 0 0 0 0 100 100 36000
I 5105 0 2 8 3  18 2 19 2 0 0 0 0 100 100 36000
I 2524 9 0 0 0  0 0 0 0 0 0 0 0 97 97 36000
I 5105 0 2 8 3  18 2 19 2 0 0 0 0 100 100 36000
I 7217 7 0 0 0  0 0 0 0 0 0 0 0 100 100 36000
I 18425 8 5 5 2  19 3 18 2 0 0 0 0 100 100 36000
I 18306 0 5 4 11  18 4 19 2 0 0 0 0 100 100 36000
I 6660 0 0 0 0  0 0 0 0 0 0 0 0 100 100 36000
I 4101 0 0 0 0  18 2 19 1 0 0 0 0 78 78 36000
I 2906 2 0 0 0  0 0 0 0 0 0 0 0 86 100 36000
I 2560 8 0 0 0  5 2 0 0 0 0 0 0 100 100 36000
I 18611 0 3 5 11  18 3 2 2 0 0 0 0 100 100 36000
I 11337 0 0 0 0  4 3 5 -1 0 0 0 0 100 100 36000
I 18418 7 0 0 0  5 2 0 0 0 0 0 0 100 100 36000
I 2285 0 6 4 4  18 2 19 2 0 0 0 0 100 100 36000
I 411 0 5 6 11  18 -6 19 3 0 0 0 0 100 100 36000
I 1652 4 0 0 0  19 2 24 5 0 0 0 0 100 100 36000
I 7224 0 0 0 0  17 -10 19 3 0 0 0 0 50 62 36000
I 18013 10 0 0 0  0 0 0 0 0 0 0 0 91 100 36000
I 2306 9 0 0 0  0 0 0 0 0 0 0 0 100 100 36000
I 1309 2 0 0 0  19 2 0 0 0 0 0 0 100 100 36000
End
#End pawn
