#Start silver.
C 1455 169 0 0 0  0 0 0 0 0 0 0 0 100 100 35970
I 9525 0 0 -1 0  19 2 17 -3 0 0 0 0 90 99 35679
I 641 9 0 0 0  13 30 2 2 0 0 0 0 42 73 35684
I 18044 10 0 0 0  19 2 0 0 0 0 0 0 52 92 35683
I 18090 8 0 0 0  19 3 0 0 0 0 0 0 31 87 35683
I 9513 10 0 0 0  2 3 18 3 0 0 0 0 84 99 35685
E
C 1455 169 0 0 0  0 0 0 0 0 0 0 0 100 100 35971
I 7223 7 0 0 0  19 2 18 1 0 0 0 0 81 99 35685
I 1705 1 1 0 0  25 3 26 50 0 0 0 0 46 88 35683
I 1705 1 1 0 0  25 3 26 50 0 0 0 0 75 94 35777
I 9508 0 5 5 3  18 3 19 3 0 0 0 0 100 100 35839
I 13785 0 0 0 0  3 2 25 4 0 0 0 0 100 100 35839
I 6728 5 0 0 0  18 1 19 2 0 0 0 0 82 89 35839
I 6728 5 0 0 0  18 1 19 2 0 0 0 0 90 94 35839
I 3061 0 0 0 0  0 0 0 0 0 0 0 0 99 99 35839
I 9512 10 0 0 0  18 1 19 1 0 0 0 0 100 100 35838
I 608 0 0 0 0  4 -1 9 10 0 0 0 0 58 89 35679
I 608 0 0 0 0  4 -1 9 10 0 0 0 0 52 86 35679
I 17007 6 0 0 0  2 2 19 1 0 0 0 0 79 92 35680
I 9803 9 0 0 0  18 2 19 1 0 0 0 0 70 86 35679
I 646 9 0 0 0  13 30 24 -5 0 0 0 0 87 100 35679
E
C 1455 169 0 0 0  0 0 0 0 0 0 0 0 100 100 35759
I 16007 7 0 0 0  18 1 19 2 0 0 0 0 79 96 35679
I 647 7 5 5 1  18 1 19 3 0 0 0 0 81 100 35679
I 1325 0 0 0 0  31 10 2 1 0 0 0 0 72 95 35679
I 7923 4 0 0 0  18 1 0 0 0 0 0 0 27 91 35679
I 15026 10 0 0 0  17 -2 0 0 0 0 0 0 18 45 35679
I 9515 5 0 0 0  19 2 0 0 0 0 0 0 74 91 35679
I 639 9 0 0 0  13 30 5 2 0 0 0 0 62 92 35680
I 9966 5 0 0 0  13 50 1 3 0 0 0 0 60 60 35836
E
C 1455 169 0 0 0  0 0 0 0 0 0 0 0 100 100 35973
I 3052 12 42 -1 -1  0 0 0 0 0 0 0 0 100 100 35839
I 3052 12 42 -1 -1  0 0 0 0 0 0 0 0 100 100 35839
I 3052 12 42 -1 -1  0 0 0 0 0 0 0 0 100 100 35839
I 3052 12 42 -1 -1  0 0 0 0 0 0 0 0 100 100 35839
I 3052 12 42 -1 -1  0 0 0 0 0 0 0 0 100 100 35839
I 3052 12 42 -1 -1  0 0 0 0 0 0 0 0 100 100 35839
I 3052 12 42 -1 -1  0 0 0 0 0 0 0 0 100 100 35839
I 3052 12 42 -1 -1  0 0 0 0 0 0 0 0 100 100 35839
I 3052 12 42 -1 -1  0 0 0 0 0 0 0 0 100 100 35839
I 3052 12 42 -1 -1  0 0 0 0 0 0 0 0 100 100 35839
I 3052 12 42 -1 -1  0 0 0 0 0 0 0 0 100 100 35840
I 3052 12 42 -1 -1  0 0 0 0 0 0 0 0 100 100 35829
I 3052 12 42 -1 -1  0 0 0 0 0 0 0 0 100 100 35829
I 3052 12 42 -1 -1  0 0 0 0 0 0 0 0 100 100 35829
I 3052 12 42 -1 -1  0 0 0 0 0 0 0 0 100 100 35829
I 3052 12 42 -1 -1  0 0 0 0 0 0 0 0 100 100 35753
I 3052 12 42 -1 -1  0 0 0 0 0 0 0 0 100 100 35749
I 4222 20 15 16 28  0 0 0 0 0 0 0 0 100 100 35936
I 4222 20 15 16 28  0 0 0 0 0 0 0 0 100 100 35937
I 4222 20 15 16 28  0 0 0 0 0 0 0 0 100 100 35937
I 3051 12 19 -1 -1  0 0 0 0 0 0 0 0 100 100 35839
I 3051 12 19 -1 -1  0 0 0 0 0 0 0 0 100 100 35839
I 10002 10 1 3 36  0 0 0 0 0 0 0 0 100 100 35757
I 4226 20 2 27 38  0 0 0 0 0 0 0 0 100 100 35934
I 4226 20 2 27 38  0 0 0 0 0 0 0 0 100 100 35855
I 4208 15 1 34 36  0 0 0 0 0 0 0 0 100 100 35992
I 4208 15 1 34 36  0 0 0 0 0 0 0 0 100 100 35992
E
I 9513 10 0 0 0  2 3 18 3 0 0 0 0 81 81 36000
I 18040 15 0 0 0  19 2 24 -5 0 0 0 0 50 50 36000
I 17005 8 0 0 0  1 2 13 100 0 0 0 0 89 89 36000
I 15026 10 0 0 0  17 -2 0 0 0 0 0 0 91 91 36000
I 15026 10 0 0 0  17 -2 0 0 0 0 0 0 89 89 36000
C 1455 169 0 0 0  0 0 0 0 0 0 0 0 96 96 36000
I 3050 12 53 -1 -1  0 0 0 0 0 0 0 0 98 98 36000
I 700 0 0 0 0  13 30 2 1 0 0 0 0 76 98 36000
I 1461 20 1 36 39  0 0 0 0 0 0 0 0 99 99 36000
I 712 0 0 0 0  18 2 17 -9 0 0 0 0 75 96 36000
I 9509 6 4 6 3  17 -10 19 2 0 0 0 0 33 33 36000
I 3090 13 0 0 0  12 40 2 -2 0 0 0 0 96 96 36000
I 643 9 0 0 0  13 30 18 2 0 0 0 0 38 77 36000
I 641 9 0 0 0  13 30 2 2 0 0 0 0 72 99 36000
I 3031 0 0 89 0  0 0 0 0 0 0 0 0 85 100 36000
I 2700 0 0 0 0  0 0 0 0 0 0 0 0 96 96 36000
I 7211 0 2 4 11  0 0 0 0 0 0 0 0 100 100 36000
I 5006 5 5 0 0  0 0 0 0 0 0 0 0 100 100 36000
E
C 1455 169 0 0 0  0 0 0 0 0 0 0 0 100 100 36000
I 9527 0 0 0 0  18 1 19 1 0 0 0 0 7 69 36000
I 427 2 4 3 3  17 -8 0 0 0 0 0 0 13 92 36000
I 646 9 0 0 0  13 30 24 -5 0 0 0 0 67 98 36000
I 645 9 0 0 0  13 30 19 2 0 0 0 0 58 99 36000
I 644 9 0 0 0  13 30 1 2 0 0 0 0 77 99 36000
E
C 1455 169 0 0 0  0 0 0 0 0 0 0 0 100 100 36000
I 3092 4 0 0 0  18 1 0 0 0 0 0 0 71 98 36000
I 7923 4 0 0 0  18 1 0 0 0 0 0 0 19 98 36000
I 7923 4 0 0 0  18 1 0 0 0 0 0 0 34 98 36000
I 5025 8 0 0 0  0 0 0 0 0 0 0 0 58 74 36000
I 5025 8 0 0 0  0 0 0 0 0 0 0 0 30 93 36000
I 16006 7 0 0 0  18 1 19 2 0 0 0 0 43 99 36000
I 640 9 0 0 0  12 30 4 2 0 0 0 0 53 99 36000
I 639 9 0 0 0  13 30 5 2 0 0 0 0 57 99 36000
I 7203 0 0 0 0  24 1 17 -10 0 0 0 0 22 84 36000
I 9706 0 0 0 0  17 -12 19 1 0 0 0 0 69 98 36000
I 2135 1 0 0 0  3 2 4 2 0 0 0 0 3 83 36000
I 2135 1 0 0 0  3 2 4 2 0 0 0 0 78 100 36000
I 3031 0 0 93 0  0 0 0 0 0 0 0 0 87 100 36000
I 2011 12 0 0 0  18 -1 2 1 0 0 0 0 96 96 36000
E
I 15028 8 0 0 0  3 3 4 3 0 0 0 0 51 51 36000
I 6118 40 3 3 74  0 0 0 0 0 0 0 0 100 100 36000
I 9919 1000 0 0 0  0 0 0 0 0 0 0 0 100 100 36000
I 721 12 0 0 0  31 5 2 2 0 0 0 0 100 100 36000
I 2143 1 2 15 6  17 10 31 10 0 0 0 0 100 100 36000
I 15028 8 0 0 0  3 3 4 3 0 0 0 0 99 99 36000
I 1705 1 1 0 0  25 3 26 50 0 0 0 0 100 100 36000
I 5001 9 0 0 0  2 2 19 2 0 0 0 0 67 79 36000
I 18222 10 0 0 0  14 120 19 2 0 0 0 0 100 100 36000
C 6521 1000 0 0 0  0 0 0 0 0 0 0 0 99 99 36000
I 1461 20 1 36 39  0 0 0 0 0 0 0 0 99 99 36000
I 1461 20 1 36 39  0 0 0 0 0 0 0 0 99 99 36000
I 1461 20 1 36 39  0 0 0 0 0 0 0 0 99 99 36000
I 1461 20 1 36 39  0 0 0 0 0 0 0 0 99 99 36000
I 1461 20 1 36 39  0 0 0 0 0 0 0 0 99 99 36000
I 1461 20 1 36 39  0 0 0 0 0 0 0 0 99 99 36000
I 1461 20 1 36 39  0 0 0 0 0 0 0 0 99 99 36000
I 1461 20 1 36 39  0 0 0 0 0 0 0 0 99 99 36000
I 6109 15 28 -1 -1  0 0 0 0 0 0 0 0 99 99 36000
I 6109 15 28 -1 -1  0 0 0 0 0 0 0 0 99 99 36000
I 6109 15 28 -1 -1  0 0 0 0 0 0 0 0 99 99 36000
I 3052 12 42 -1 -1  0 0 0 0 0 0 0 0 99 99 36000
I 3052 12 42 -1 -1  0 0 0 0 0 0 0 0 100 100 36000
I 3052 12 42 -1 -1  0 0 0 0 0 0 0 0 100 100 36000
I 3052 12 42 -1 -1  0 0 0 0 0 0 0 0 100 100 36000
I 3052 12 42 -1 -1  0 0 0 0 0 0 0 0 100 100 36000
I 3052 12 42 -1 -1  0 0 0 0 0 0 0 0 100 100 36000
I 3052 12 42 -1 -1  0 0 0 0 0 0 0 0 100 100 36000
I 3052 12 42 -1 -1  0 0 0 0 0 0 0 0 100 100 36000
I 3052 12 42 -1 -1  0 0 0 0 0 0 0 0 100 100 36000
I 3052 12 42 -1 -1  0 0 0 0 0 0 0 0 100 100 36000
I 3052 12 42 -1 -1  0 0 0 0 0 0 0 0 100 100 36000
I 1710 12 0 0 2  0 0 0 0 0 0 0 0 99 99 36000
I 1710 12 0 0 2  0 0 0 0 0 0 0 0 99 99 36000
I 1710 12 0 0 2  0 0 0 0 0 0 0 0 99 99 36000
I 1710 12 0 0 2  0 0 0 0 0 0 0 0 99 99 36000
I 1710 12 0 0 2  0 0 0 0 0 0 0 0 99 99 36000
I 1710 12 0 0 2  0 0 0 0 0 0 0 0 99 99 36000
I 1710 12 0 0 2  0 0 0 0 0 0 0 0 99 99 36000
I 1710 12 0 0 2  0 0 0 0 0 0 0 0 99 99 36000
I 1710 12 0 0 2  0 0 0 0 0 0 0 0 99 99 36000
I 1710 12 0 0 2  0 0 0 0 0 0 0 0 99 99 36000
I 1710 12 0 0 2  0 0 0 0 0 0 0 0 99 99 36000
I 1710 12 0 0 2  0 0 0 0 0 0 0 0 99 99 36000
I 1710 12 0 0 2  0 0 0 0 0 0 0 0 99 99 36000
I 1710 12 0 0 2  0 0 0 0 0 0 0 0 99 99 36000
I 1710 12 0 0 2  0 0 0 0 0 0 0 0 99 99 36000
I 1710 12 0 0 2  0 0 0 0 0 0 0 0 99 99 36000
I 1710 12 0 0 2  0 0 0 0 0 0 0 0 99 99 36000
I 1710 12 0 0 2  0 0 0 0 0 0 0 0 99 99 36000
I 1710 12 0 0 2  0 0 0 0 0 0 0 0 99 99 36000
I 608 0 0 0 0  4 -1 9 10 0 0 0 0 100 100 36000
I 16007 7 0 0 0  18 1 19 2 0 0 0 0 90 90 36000
I 16007 7 0 0 0  18 1 19 2 0 0 0 0 86 86 36000
I 9811 8 0 0 0  18 1 19 2 0 0 0 0 72 72 36000
I 18040 15 0 0 0  19 2 24 -5 0 0 0 0 55 55 36000
I 16001 7 0 0 0  18 1 19 2 0 0 0 0 86 86 36000
I 717 8 0 0 0  2 2 19 2 0 0 0 0 85 85 36000
I 18090 8 0 0 0  19 3 0 0 0 0 0 0 47 47 36000
I 16006 7 0 0 0  18 1 19 2 0 0 0 0 50 50 36000
I 2159 6 0 0 0  19 1 0 0 0 0 0 0 53 53 36000
I 18044 10 0 0 0  19 2 0 0 0 0 0 0 66 66 36000
I 5001 9 0 0 0  2 2 19 2 0 0 0 0 84 84 36000
I 9810 8 0 0 0  18 1 19 1 0 0 0 0 49 65 36000
I 9810 8 0 0 0  18 1 19 1 0 0 0 0 57 81 36000
I 2244 0 0 0 0  18 3 19 2 0 0 0 0 16 16 36000
I 2244 0 0 0 0  18 3 19 2 0 0 0 0 45 45 36000
I 9721 0 0 -1 0  18 2 19 3 0 0 0 0 29 29 36000
I 13795 0 3 12 11  18 2 19 2 0 0 0 0 89 89 36000
I 3051 12 19 -1 -1  0 0 0 0 0 0 0 0 100 100 36000
I 3051 12 19 -1 -1  0 0 0 0 0 0 0 0 100 100 36000
I 3051 12 19 -1 -1  0 0 0 0 0 0 0 0 100 100 36000
I 3051 12 19 -1 -1  0 0 0 0 0 0 0 0 100 100 36000
I 18123 0 0 0 0  0 0 0 0 0 0 0 0 99 99 36000
I 18123 0 0 0 0  0 0 0 0 0 0 0 0 99 99 36000
I 1916 15 35 36 -1  0 0 0 0 0 0 0 0 99 99 36000
I 3035 0 0 0 0  0 0 0 0 0 0 0 0 100 100 36000
E
I 16011 12 0 0 2  0 0 0 0 0 0 0 0 99 99 36000
I 18045 0 5 5 3  18 2 19 2 0 0 0 0 99 99 36000
I 2254 4 0 0 0  19 2 1 1 0 0 0 0 99 99 36000
I 645 9 0 0 0  13 30 19 2 0 0 0 0 71 88 36000
I 18080 0 7 3 2  18 2 19 2 0 0 0 0 99 99 36000
I 9004 6 0 0 0  1 1 5 2 0 0 0 0 99 99 36000
I 9002 6 0 0 0  3 3 17 -2 0 0 0 0 99 99 36000
End
#End silver
